# PUNTS (x, y), true/false
-1.7656, -1.9595, true,0,
-1.8536, -1.8609, true,0,
-1.8536, -1.6847, true,0,
-1.8536, -1.5084, true,0,
-1.8536, -1.3321, true,0,
-1.8536, -1.1558, true,0,
-1.8536, -0.9795, true,0,
-1.8536, -0.8033, true,0,
-1.8536, -0.6270, true,0,
-1.8536, -0.4507, true,0,
-1.8536, -0.2744, true,0,
-1.8536, -0.0981, true,0,
-1.8536, 0.0781, true,0,
-1.8536, 0.2544, true,0,
-1.8536, 0.4307, true,0,
-1.8536, 0.6070, true,0,
-1.8536, 0.7833, true,0,
-1.8536, 0.9595, true,0,
-1.8536, 1.1358, true,0,
-1.8536, 1.3121, true,0,
-1.8536, 1.4884, true,0,
-1.8536, 1.6647, true,0,
-1.8536, 1.8409, true,0,
-1.8188, 1.9824, true,0,
-1.6498, 2.0000, true,0,
-1.4735, 2.0000, true,0,
-1.2972, 2.0000, true,0,
-1.1209, 2.0000, true,0,
-0.9446, 2.0000, true,0,
-0.7684, 2.0000, true,0,
-0.5921, 2.0000, true,0,
-0.4158, 2.0000, true,0,
-0.2395, 2.0000, true,0,
-0.0632, 2.0000, true,0,
0.1130, 2.0000, true,0,
0.2893, 2.0000, true,0,
0.4656, 2.0000, true,0,
0.6419, 2.0000, true,0,
0.8182, 2.0000, true,0,
0.9944, 2.0000, true,0,
1.1707, 2.0000, true,0,
1.3470, 2.0000, true,0,
1.5233, 2.0000, true,0,
1.6995, 2.0000, true,0,
1.8685, 1.9824, true,0,
1.8948, 1.8221, true,0,
1.8948, 1.6458, true,0,
1.8948, 1.4695, true,0,
1.8948, 1.2932, true,0,
1.8948, 1.1169, true,0,
1.8948, 0.9407, true,0,
1.8948, 0.7644, true,0,
1.8948, 0.5881, true,0,
1.8948, 0.4118, true,0,
1.8948, 0.2355, true,0,
1.8948, 0.0593, true,0,
1.8948, -0.1170, true,0,
1.8948, -0.2933, true,0,
1.8948, -0.4696, true,0,
1.8948, -0.6459, true,0,
1.8948, -0.8221, true,0,
1.8948, -0.9984, true,0,
1.8948, -1.1747, true,0,
1.8948, -1.3510, true,0,
1.8948, -1.5273, true,0,
1.8948, -1.7035, true,0,
1.8948, -1.8798, true,0,
1.7776, -1.9595, true,0,
1.6013, -1.9595, true,0,
1.4251, -1.9595, true,0,
1.2488, -1.9595, true,0,
1.0725, -1.9595, true,0,
0.8962, -1.9595, true,0,
0.7199, -1.9595, true,0,
0.5437, -1.9595, true,0,
0.3674, -1.9595, true,0,
0.1911, -1.9595, true,0,
0.0148, -1.9595, true,0,
-0.1615, -1.9595, true,0,
-0.3377, -1.9595, true,0,
-0.5140, -1.9595, true,0,
-0.6903, -1.9595, true,0,
-0.8666, -1.9595, true,0,
-1.0429, -1.9595, true,0,
-1.2191, -1.9595, true,0,
-1.3954, -1.9595, true,0,
-1.5717, -1.9595, true,0,
-1.7480, -1.9595, true,0,
-1.6776, -1.7836, false,0,
-1.6776, -1.6076, false,0,
-1.6776, -1.4316, false,0,
-1.6776, -1.2556, false,0,
-1.6776, -1.0796, false,0,
-1.6776, -0.9037, false,0,
-1.6776, -0.7277, false,0,
-1.6776, -0.5517, false,0,
-1.6776, -0.3757, false,0,
-1.6776, -0.1997, false,0,
-1.6776, -0.0238, false,0,
-1.6776, 0.1522, false,0,
-1.6776, 0.3282, false,0,
-1.6776, 0.5042, false,0,
-1.6776, 0.6802, false,0,
-1.6776, 0.8561, false,0,
-1.6776, 1.0321, false,0,
-1.6776, 1.2081, false,0,
-1.6776, 1.3841, false,0,
-1.6776, 1.5601, false,0,
-1.6776, 1.7360, false,0,
-1.6776, 1.9120, false,0,
-1.5016, -1.7836, false,0,
-1.5016, -1.6076, false,0,
-1.5016, -1.4316, false,0,
-1.5016, -1.2556, false,0,
-1.5016, -1.0796, false,0,
-1.5016, -0.9037, false,0,
-1.5016, -0.7277, false,0,
-1.5016, -0.5517, false,0,
-1.5016, -0.3757, false,0,
-1.5016, -0.1997, false,0,
-1.5016, -0.0238, false,0,
-1.5016, 0.1522, false,0,
-1.5016, 0.3282, false,0,
-1.5016, 0.5042, false,0,
-1.5016, 0.6802, false,0,
-1.5016, 0.8561, false,0,
-1.5016, 1.0321, false,0,
-1.5016, 1.2081, false,0,
-1.5016, 1.3841, false,0,
-1.5016, 1.5601, false,0,
-1.5016, 1.7360, false,0,
-1.5016, 1.9120, false,0,
-1.3256, -1.7836, false,0,
-1.3256, -1.6076, false,0,
-1.3256, -1.4316, false,0,
-1.3256, -1.2556, false,0,
-1.3256, -1.0796, false,0,
-1.3256, -0.9037, false,0,
-1.3256, -0.7277, false,0,
-1.3256, -0.5517, false,0,
-1.3256, -0.3757, false,0,
-1.3256, -0.1997, false,0,
-1.3256, -0.0238, false,0,
-1.3256, 0.1522, false,0,
-1.3256, 0.3282, false,0,
-1.3256, 0.5042, false,0,
-1.3256, 0.6802, false,0,
-1.3256, 0.8561, false,0,
-1.3256, 1.0321, false,0,
-1.3256, 1.2081, false,0,
-1.3256, 1.3841, false,0,
-1.3256, 1.5601, false,0,
-1.3256, 1.7360, false,0,
-1.3256, 1.9120, false,0,
-1.1497, -1.7836, false,0,
-1.1497, -1.6076, false,0,
-1.1497, -1.4316, false,0,
-1.1497, -1.2556, false,0,
-1.1497, -1.0796, false,0,
-1.1497, -0.9037, false,0,
-1.1497, -0.7277, false,0,
-1.1497, -0.5517, false,0,
-1.1497, -0.3757, false,0,
-1.1497, -0.1997, false,0,
-1.1497, -0.0238, false,0,
-1.1497, 0.1522, false,0,
-1.1497, 0.3282, false,0,
-1.1497, 0.5042, false,0,
-1.1497, 0.6802, false,0,
-1.1497, 0.8561, false,0,
-1.1497, 1.0321, false,0,
-1.1497, 1.2081, false,0,
-1.1497, 1.3841, false,0,
-1.1497, 1.5601, false,0,
-1.1497, 1.7360, false,0,
-1.1497, 1.9120, false,0,
-0.9737, -1.7836, false,0,
-0.9737, -1.6076, false,0,
-0.9737, -1.4316, false,0,
-0.9737, -1.2556, false,0,
-0.9737, -1.0796, false,0,
-0.9737, -0.9037, false,0,
-0.9737, -0.7277, false,0,
-0.9737, -0.5517, false,0,
-0.9737, -0.3757, false,0,
-0.9737, -0.1997, false,0,
-0.9737, -0.0238, false,0,
-0.9737, 0.1522, false,0,
-0.9737, 0.3282, false,0,
-0.9737, 0.5042, false,0,
-0.9737, 0.6802, false,0,
-0.9737, 0.8561, false,0,
-0.9737, 1.0321, false,0,
-0.9737, 1.2081, false,0,
-0.9737, 1.3841, false,0,
-0.9737, 1.5601, false,0,
-0.9737, 1.7360, false,0,
-0.9737, 1.9120, false,0,
-0.7977, -1.7836, false,0,
-0.7977, -1.6076, false,0,
-0.7977, -1.4316, false,0,
-0.7977, -1.2556, false,0,
-0.7977, -1.0796, false,0,
-0.7977, -0.9037, false,0,
-0.7977, -0.7277, false,0,
-0.7977, -0.5517, false,0,
-0.7977, -0.3757, false,0,
-0.7977, -0.1997, false,0,
-0.7977, -0.0238, false,0,
-0.7977, 0.1522, false,0,
-0.7977, 0.3282, false,0,
-0.7977, 0.5042, false,0,
-0.7977, 0.6802, false,0,
-0.7977, 0.8561, false,0,
-0.7977, 1.0321, false,0,
-0.7977, 1.2081, false,0,
-0.7977, 1.3841, false,0,
-0.7977, 1.5601, false,0,
-0.7977, 1.7360, false,0,
-0.7977, 1.9120, false,0,
-0.6217, -1.7836, false,0,
-0.6217, -1.6076, false,0,
-0.6217, -1.4316, false,0,
-0.6217, -1.2556, false,0,
-0.6217, -1.0796, false,0,
-0.6217, -0.9037, false,0,
-0.6217, -0.7277, false,0,
-0.6217, -0.5517, false,0,
-0.6217, -0.3757, false,0,
-0.6217, -0.1997, false,0,
-0.6217, -0.0238, false,0,
-0.6217, 0.1522, false,0,
-0.6217, 0.3282, false,0,
-0.6217, 0.5042, false,0,
-0.6217, 0.6802, false,0,
-0.6217, 0.8561, false,0,
-0.6217, 1.0321, false,0,
-0.6217, 1.2081, false,0,
-0.6217, 1.3841, false,0,
-0.6217, 1.5601, false,0,
-0.6217, 1.7360, false,0,
-0.6217, 1.9120, false,0,
-0.4457, -1.7836, false,0,
-0.4457, -1.6076, false,0,
-0.4457, -1.4316, false,0,
-0.4457, -1.2556, false,0,
-0.4457, -1.0796, false,0,
-0.4457, -0.9037, false,0,
-0.4457, -0.7277, false,0,
-0.4457, -0.5517, false,0,
-0.4457, -0.3757, false,0,
-0.4457, -0.1997, false,0,
-0.4457, -0.0238, false,0,
-0.4457, 0.1522, false,0,
-0.4457, 0.3282, false,0,
-0.4457, 0.5042, false,0,
-0.4457, 0.6802, false,0,
-0.4457, 0.8561, false,0,
-0.4457, 1.0321, false,0,
-0.4457, 1.2081, false,0,
-0.4457, 1.3841, false,0,
-0.4457, 1.5601, false,0,
-0.4457, 1.7360, false,0,
-0.4457, 1.9120, false,0,
-0.2698, -1.7836, false,0,
-0.2698, -1.6076, false,0,
-0.2698, -1.4316, false,0,
-0.2698, -1.2556, false,0,
-0.2698, -1.0796, false,0,
-0.2698, -0.9037, false,0,
-0.2698, -0.7277, false,0,
-0.2698, -0.5517, false,0,
-0.2698, -0.3757, false,0,
-0.2698, -0.1997, false,0,
-0.2698, -0.0238, false,0,
-0.2698, 0.1522, false,0,
-0.2698, 0.3282, false,0,
-0.2698, 0.5042, false,0,
-0.2698, 0.6802, false,0,
-0.2698, 0.8561, false,0,
-0.2698, 1.0321, false,0,
-0.2698, 1.2081, false,0,
-0.2698, 1.3841, false,0,
-0.2698, 1.5601, false,0,
-0.2698, 1.7360, false,0,
-0.2698, 1.9120, false,0,
-0.0938, -1.7836, false,0,
-0.0938, -1.6076, false,0,
-0.0938, -1.4316, false,0,
-0.0938, -1.2556, false,0,
-0.0938, -1.0796, false,0,
-0.0938, -0.9037, false,0,
-0.0938, -0.7277, false,0,
-0.0938, -0.5517, false,0,
-0.0938, -0.3757, false,0,
-0.0938, -0.1997, false,0,
-0.0938, -0.0238, false,0,
-0.0938, 0.1522, false,0,
-0.0938, 0.3282, false,0,
-0.0938, 0.5042, false,0,
-0.0938, 0.6802, false,0,
-0.0938, 0.8561, false,0,
-0.0938, 1.0321, false,0,
-0.0938, 1.2081, false,0,
-0.0938, 1.3841, false,0,
-0.0938, 1.5601, false,0,
-0.0938, 1.7360, false,0,
-0.0938, 1.9120, false,0,
0.0822, -1.7836, false,0,
0.0822, -1.6076, false,0,
0.0822, -1.4316, false,0,
0.0822, -1.2556, false,0,
0.0822, -1.0796, false,0,
0.0822, -0.9037, false,0,
0.0822, -0.7277, false,0,
0.0822, -0.5517, false,0,
0.0822, -0.3757, false,0,
0.0822, -0.1997, false,0,
0.0822, -0.0238, false,0,
0.0822, 0.1522, false,0,
0.0822, 0.3282, false,0,
0.0822, 0.5042, false,0,
0.0822, 0.6802, false,0,
0.0822, 0.8561, false,0,
0.0822, 1.0321, false,0,
0.0822, 1.2081, false,0,
0.0822, 1.3841, false,0,
0.0822, 1.5601, false,0,
0.0822, 1.7360, false,0,
0.0822, 1.9120, false,0,
0.2582, -1.7836, false,0,
0.2582, -1.6076, false,0,
0.2582, -1.4316, false,0,
0.2582, -1.2556, false,0,
0.2582, -1.0796, false,0,
0.2582, -0.9037, false,0,
0.2582, -0.7277, false,0,
0.2582, -0.5517, false,0,
0.2582, -0.3757, false,0,
0.2582, -0.1997, false,0,
0.2582, -0.0238, false,0,
0.2582, 0.1522, false,0,
0.2582, 0.3282, false,0,
0.2582, 0.5042, false,0,
0.2582, 0.6802, false,0,
0.2582, 0.8561, false,0,
0.2582, 1.0321, false,0,
0.2582, 1.2081, false,0,
0.2582, 1.3841, false,0,
0.2582, 1.5601, false,0,
0.2582, 1.7360, false,0,
0.2582, 1.9120, false,0,
0.4342, -1.7836, false,0,
0.4342, -1.6076, false,0,
0.4342, -1.4316, false,0,
0.4342, -1.2556, false,0,
0.4342, -1.0796, false,0,
0.4342, -0.9037, false,0,
0.4342, -0.7277, false,0,
0.4342, -0.5517, false,0,
0.4342, -0.3757, false,0,
0.4342, -0.1997, false,0,
0.4342, -0.0238, false,0,
0.4342, 0.1522, false,0,
0.4342, 0.3282, false,0,
0.4342, 0.5042, false,0,
0.4342, 0.6802, false,0,
0.4342, 0.8561, false,0,
0.4342, 1.0321, false,0,
0.4342, 1.2081, false,0,
0.4342, 1.3841, false,0,
0.4342, 1.5601, false,0,
0.4342, 1.7360, false,0,
0.4342, 1.9120, false,0,
0.6101, -1.7836, false,0,
0.6101, -1.6076, false,0,
0.6101, -1.4316, false,0,
0.6101, -1.2556, false,0,
0.6101, -1.0796, false,0,
0.6101, -0.9037, false,0,
0.6101, -0.7277, false,0,
0.6101, -0.5517, false,0,
0.6101, -0.3757, false,0,
0.6101, -0.1997, false,0,
0.6101, -0.0238, false,0,
0.6101, 0.1522, false,0,
0.6101, 0.3282, false,0,
0.6101, 0.5042, false,0,
0.6101, 0.6802, false,0,
0.6101, 0.8561, false,0,
0.6101, 1.0321, false,0,
0.6101, 1.2081, false,0,
0.6101, 1.3841, false,0,
0.6101, 1.5601, false,0,
0.6101, 1.7360, false,0,
0.6101, 1.9120, false,0,
0.7861, -1.7836, false,0,
0.7861, -1.6076, false,0,
0.7861, -1.4316, false,0,
0.7861, -1.2556, false,0,
0.7861, -1.0796, false,0,
0.7861, -0.9037, false,0,
0.7861, -0.7277, false,0,
0.7861, -0.5517, false,0,
0.7861, -0.3757, false,0,
0.7861, -0.1997, false,0,
0.7861, -0.0238, false,0,
0.7861, 0.1522, false,0,
0.7861, 0.3282, false,0,
0.7861, 0.5042, false,0,
0.7861, 0.6802, false,0,
0.7861, 0.8561, false,0,
0.7861, 1.0321, false,0,
0.7861, 1.2081, false,0,
0.7861, 1.3841, false,0,
0.7861, 1.5601, false,0,
0.7861, 1.7360, false,0,
0.7861, 1.9120, false,0,
0.9621, -1.7836, false,0,
0.9621, -1.6076, false,0,
0.9621, -1.4316, false,0,
0.9621, -1.2556, false,0,
0.9621, -1.0796, false,0,
0.9621, -0.9037, false,0,
0.9621, -0.7277, false,0,
0.9621, -0.5517, false,0,
0.9621, -0.3757, false,0,
0.9621, -0.1997, false,0,
0.9621, -0.0238, false,0,
0.9621, 0.1522, false,0,
0.9621, 0.3282, false,0,
0.9621, 0.5042, false,0,
0.9621, 0.6802, false,0,
0.9621, 0.8561, false,0,
0.9621, 1.0321, false,0,
0.9621, 1.2081, false,0,
0.9621, 1.3841, false,0,
0.9621, 1.5601, false,0,
0.9621, 1.7360, false,0,
0.9621, 1.9120, false,0,
1.1381, -1.7836, false,0,
1.1381, -1.6076, false,0,
1.1381, -1.4316, false,0,
1.1381, -1.2556, false,0,
1.1381, -1.0796, false,0,
1.1381, -0.9037, false,0,
1.1381, -0.7277, false,0,
1.1381, -0.5517, false,0,
1.1381, -0.3757, false,0,
1.1381, -0.1997, false,0,
1.1381, -0.0238, false,0,
1.1381, 0.1522, false,0,
1.1381, 0.3282, false,0,
1.1381, 0.5042, false,0,
1.1381, 0.6802, false,0,
1.1381, 0.8561, false,0,
1.1381, 1.0321, false,0,
1.1381, 1.2081, false,0,
1.1381, 1.3841, false,0,
1.1381, 1.5601, false,0,
1.1381, 1.7360, false,0,
1.1381, 1.9120, false,0,
1.3141, -1.7836, false,0,
1.3141, -1.6076, false,0,
1.3141, -1.4316, false,0,
1.3141, -1.2556, false,0,
1.3141, -1.0796, false,0,
1.3141, -0.9037, false,0,
1.3141, -0.7277, false,0,
1.3141, -0.5517, false,0,
1.3141, -0.3757, false,0,
1.3141, -0.1997, false,0,
1.3141, -0.0238, false,0,
1.3141, 0.1522, false,0,
1.3141, 0.3282, false,0,
1.3141, 0.5042, false,0,
1.3141, 0.6802, false,0,
1.3141, 0.8561, false,0,
1.3141, 1.0321, false,0,
1.3141, 1.2081, false,0,
1.3141, 1.3841, false,0,
1.3141, 1.5601, false,0,
1.3141, 1.7360, false,0,
1.3141, 1.9120, false,0,
1.4900, -1.7836, false,0,
1.4900, -1.6076, false,0,
1.4900, -1.4316, false,0,
1.4900, -1.2556, false,0,
1.4900, -1.0796, false,0,
1.4900, -0.9037, false,0,
1.4900, -0.7277, false,0,
1.4900, -0.5517, false,0,
1.4900, -0.3757, false,0,
1.4900, -0.1997, false,0,
1.4900, -0.0238, false,0,
1.4900, 0.1522, false,0,
1.4900, 0.3282, false,0,
1.4900, 0.5042, false,0,
1.4900, 0.6802, false,0,
1.4900, 0.8561, false,0,
1.4900, 1.0321, false,0,
1.4900, 1.2081, false,0,
1.4900, 1.3841, false,0,
1.4900, 1.5601, false,0,
1.4900, 1.7360, false,0,
1.4900, 1.9120, false,0,
1.6660, -1.7836, false,0,
1.6660, -1.6076, false,0,
1.6660, -1.4316, false,0,
1.6660, -1.2556, false,0,
1.6660, -1.0796, false,0,
1.6660, -0.9037, false,0,
1.6660, -0.7277, false,0,
1.6660, -0.5517, false,0,
1.6660, -0.3757, false,0,
1.6660, -0.1997, false,0,
1.6660, -0.0238, false,0,
1.6660, 0.1522, false,0,
1.6660, 0.3282, false,0,
1.6660, 0.5042, false,0,
1.6660, 0.6802, false,0,
1.6660, 0.8561, false,0,
1.6660, 1.0321, false,0,
1.6660, 1.2081, false,0,
1.6660, 1.3841, false,0,
1.6660, 1.5601, false,0,
1.6660, 1.7360, false,0,
1.6660, 1.9120, false,0,
1.8420, -1.7836, false,0,
1.8420, -1.6076, false,0,
1.8420, -1.4316, false,0,
1.8420, -1.2556, false,0,
1.8420, -1.0796, false,0,
1.8420, -0.9037, false,0,
1.8420, -0.7277, false,0,
1.8420, -0.5517, false,0,
1.8420, -0.3757, false,0,
1.8420, -0.1997, false,0,
1.8420, -0.0238, false,0,
1.8420, 0.1522, false,0,
1.8420, 0.3282, false,0,
1.8420, 0.5042, false,0,
1.8420, 0.6802, false,0,
1.8420, 0.8561, false,0,
1.8420, 1.0321, false,0,
1.8420, 1.2081, false,0,
1.8420, 1.3841, false,0,
1.8420, 1.5601, false,0,
1.8420, 1.7360, false,0,
1.8420, 1.9120, false,0,

# ARESTES (punt_a), (punt_b)
-1.77, -1.9595, -1.8536, -1.8609,
-1.77, -1.9595, -1.7480, -1.9595,
-1.85, -1.8609, -1.8536, -1.6847,
-1.85, -1.8609, -1.7480, -1.9595,
-1.85, -1.8609, -1.6776, -1.7836,
-1.85, -1.6847, -1.8536, -1.5084,
-1.85, -1.6847, -1.6776, -1.7836,
-1.85, -1.6847, -1.6776, -1.6076,
-1.85, -1.5084, -1.8536, -1.3321,
-1.85, -1.5084, -1.6776, -1.6076,
-1.85, -1.5084, -1.6776, -1.4316,
-1.85, -1.3321, -1.8536, -1.1558,
-1.85, -1.3321, -1.6776, -1.4316,
-1.85, -1.3321, -1.6776, -1.2556,
-1.85, -1.1558, -1.8536, -0.9795,
-1.85, -1.1558, -1.6776, -1.2556,
-1.85, -1.1558, -1.6776, -1.0796,
-1.85, -0.9795, -1.8536, -0.8033,
-1.85, -0.9795, -1.6776, -1.0796,
-1.85, -0.9795, -1.6776, -0.9037,
-1.85, -0.8033, -1.8536, -0.6270,
-1.85, -0.8033, -1.6776, -0.9037,
-1.85, -0.8033, -1.6776, -0.7277,
-1.85, -0.6270, -1.8536, -0.4507,
-1.85, -0.6270, -1.6776, -0.7277,
-1.85, -0.6270, -1.6776, -0.5517,
-1.85, -0.4507, -1.8536, -0.2744,
-1.85, -0.4507, -1.6776, -0.5517,
-1.85, -0.4507, -1.6776, -0.3757,
-1.85, -0.2744, -1.8536, -0.0981,
-1.85, -0.2744, -1.6776, -0.3757,
-1.85, -0.2744, -1.6776, -0.1997,
-1.85, -0.0981, -1.8536, 0.0781,
-1.85, -0.0981, -1.6776, -0.1997,
-1.85, -0.0981, -1.6776, -0.0238,
-1.85, 0.0781, -1.8536, 0.2544,
-1.85, 0.0781, -1.6776, -0.0238,
-1.85, 0.0781, -1.6776, 0.1522,
-1.85, 0.2544, -1.8536, 0.4307,
-1.85, 0.2544, -1.6776, 0.1522,
-1.85, 0.2544, -1.6776, 0.3282,
-1.85, 0.4307, -1.8536, 0.6070,
-1.85, 0.4307, -1.6776, 0.3282,
-1.85, 0.4307, -1.6776, 0.5042,
-1.85, 0.6070, -1.8536, 0.7833,
-1.85, 0.6070, -1.6776, 0.5042,
-1.85, 0.6070, -1.6776, 0.6802,
-1.85, 0.7833, -1.8536, 0.9595,
-1.85, 0.7833, -1.6776, 0.6802,
-1.85, 0.7833, -1.6776, 0.8561,
-1.85, 0.9595, -1.8536, 1.1358,
-1.85, 0.9595, -1.6776, 0.8561,
-1.85, 0.9595, -1.6776, 1.0321,
-1.85, 1.1358, -1.8536, 1.3121,
-1.85, 1.1358, -1.6776, 1.0321,
-1.85, 1.1358, -1.6776, 1.2081,
-1.85, 1.3121, -1.8536, 1.4884,
-1.85, 1.3121, -1.6776, 1.2081,
-1.85, 1.3121, -1.6776, 1.3841,
-1.85, 1.4884, -1.8536, 1.6647,
-1.85, 1.4884, -1.6776, 1.3841,
-1.85, 1.4884, -1.6776, 1.5601,
-1.85, 1.6647, -1.8536, 1.8409,
-1.85, 1.6647, -1.6776, 1.5601,
-1.85, 1.6647, -1.6776, 1.7360,
-1.85, 1.8409, -1.8188, 1.9824,
-1.85, 1.8409, -1.6776, 1.7360,
-1.85, 1.8409, -1.6776, 1.9120,
-1.82, 1.9824, -1.6498, 2.0000,
-1.82, 1.9824, -1.6776, 1.9120,
-1.65, 2.0000, -1.4735, 2.0000,
-1.65, 2.0000, -1.6776, 1.9120,
-1.65, 2.0000, -1.5016, 1.9120,
-1.47, 2.0000, -1.2972, 2.0000,
-1.47, 2.0000, -1.5016, 1.9120,
-1.47, 2.0000, -1.3256, 1.9120,
-1.30, 2.0000, -1.1209, 2.0000,
-1.30, 2.0000, -1.3256, 1.9120,
-1.30, 2.0000, -1.1497, 1.9120,
-1.12, 2.0000, -0.9446, 2.0000,
-1.12, 2.0000, -1.1497, 1.9120,
-1.12, 2.0000, -0.9737, 1.9120,
-0.94, 2.0000, -0.7684, 2.0000,
-0.94, 2.0000, -0.9737, 1.9120,
-0.94, 2.0000, -0.7977, 1.9120,
-0.77, 2.0000, -0.5921, 2.0000,
-0.77, 2.0000, -0.7977, 1.9120,
-0.77, 2.0000, -0.6217, 1.9120,
-0.59, 2.0000, -0.4158, 2.0000,
-0.59, 2.0000, -0.6217, 1.9120,
-0.59, 2.0000, -0.4457, 1.9120,
-0.42, 2.0000, -0.2395, 2.0000,
-0.42, 2.0000, -0.4457, 1.9120,
-0.42, 2.0000, -0.2698, 1.9120,
-0.24, 2.0000, -0.0632, 2.0000,
-0.24, 2.0000, -0.2698, 1.9120,
-0.24, 2.0000, -0.0938, 1.9120,
-0.06, 2.0000, 0.1130, 2.0000,
-0.06, 2.0000, -0.0938, 1.9120,
-0.06, 2.0000, 0.0822, 1.9120,
0.11, 2.0000, 0.2893, 2.0000,
0.11, 2.0000, 0.0822, 1.9120,
0.11, 2.0000, 0.2582, 1.9120,
0.29, 2.0000, 0.4656, 2.0000,
0.29, 2.0000, 0.2582, 1.9120,
0.29, 2.0000, 0.4342, 1.9120,
0.47, 2.0000, 0.6419, 2.0000,
0.47, 2.0000, 0.4342, 1.9120,
0.47, 2.0000, 0.6101, 1.9120,
0.64, 2.0000, 0.8182, 2.0000,
0.64, 2.0000, 0.6101, 1.9120,
0.64, 2.0000, 0.7861, 1.9120,
0.82, 2.0000, 0.9944, 2.0000,
0.82, 2.0000, 0.7861, 1.9120,
0.82, 2.0000, 0.9621, 1.9120,
0.99, 2.0000, 1.1707, 2.0000,
0.99, 2.0000, 0.9621, 1.9120,
0.99, 2.0000, 1.1381, 1.9120,
1.17, 2.0000, 1.3470, 2.0000,
1.17, 2.0000, 1.1381, 1.9120,
1.17, 2.0000, 1.3141, 1.9120,
1.35, 2.0000, 1.5233, 2.0000,
1.35, 2.0000, 1.3141, 1.9120,
1.35, 2.0000, 1.4900, 1.9120,
1.52, 2.0000, 1.6995, 2.0000,
1.52, 2.0000, 1.4900, 1.9120,
1.52, 2.0000, 1.6660, 1.9120,
1.70, 2.0000, 1.8685, 1.9824,
1.70, 2.0000, 1.6660, 1.9120,
1.70, 2.0000, 1.8420, 1.9120,
1.87, 1.9824, 1.8948, 1.8221,
1.87, 1.9824, 1.8420, 1.9120,
1.89, 1.8221, 1.8948, 1.6458,
1.89, 1.8221, 1.8420, 1.7360,
1.89, 1.8221, 1.8420, 1.9120,
1.89, 1.6458, 1.8948, 1.4695,
1.89, 1.6458, 1.8420, 1.5601,
1.89, 1.6458, 1.8420, 1.7360,
1.89, 1.4695, 1.8948, 1.2932,
1.89, 1.4695, 1.8420, 1.3841,
1.89, 1.4695, 1.8420, 1.5601,
1.89, 1.2932, 1.8948, 1.1169,
1.89, 1.2932, 1.8420, 1.2081,
1.89, 1.2932, 1.8420, 1.3841,
1.89, 1.1169, 1.8948, 0.9407,
1.89, 1.1169, 1.8420, 1.0321,
1.89, 1.1169, 1.8420, 1.2081,
1.89, 0.9407, 1.8948, 0.7644,
1.89, 0.9407, 1.8420, 0.8561,
1.89, 0.9407, 1.8420, 1.0321,
1.89, 0.7644, 1.8948, 0.5881,
1.89, 0.7644, 1.8420, 0.6802,
1.89, 0.7644, 1.8420, 0.8561,
1.89, 0.5881, 1.8948, 0.4118,
1.89, 0.5881, 1.8420, 0.5042,
1.89, 0.5881, 1.8420, 0.6802,
1.89, 0.4118, 1.8948, 0.2355,
1.89, 0.4118, 1.8420, 0.3282,
1.89, 0.4118, 1.8420, 0.5042,
1.89, 0.2355, 1.8948, 0.0593,
1.89, 0.2355, 1.8420, 0.1522,
1.89, 0.2355, 1.8420, 0.3282,
1.89, 0.0593, 1.8948, -0.1170,
1.89, 0.0593, 1.8420, -0.0238,
1.89, 0.0593, 1.8420, 0.1522,
1.89, -0.1170, 1.8948, -0.2933,
1.89, -0.1170, 1.8420, -0.1997,
1.89, -0.1170, 1.8420, -0.0238,
1.89, -0.2933, 1.8948, -0.4696,
1.89, -0.2933, 1.8420, -0.3757,
1.89, -0.2933, 1.8420, -0.1997,
1.89, -0.4696, 1.8948, -0.6459,
1.89, -0.4696, 1.8420, -0.5517,
1.89, -0.4696, 1.8420, -0.3757,
1.89, -0.6459, 1.8948, -0.8221,
1.89, -0.6459, 1.8420, -0.7277,
1.89, -0.6459, 1.8420, -0.5517,
1.89, -0.8221, 1.8948, -0.9984,
1.89, -0.8221, 1.8420, -0.9037,
1.89, -0.8221, 1.8420, -0.7277,
1.89, -0.9984, 1.8948, -1.1747,
1.89, -0.9984, 1.8420, -1.0796,
1.89, -0.9984, 1.8420, -0.9037,
1.89, -1.1747, 1.8948, -1.3510,
1.89, -1.1747, 1.8420, -1.2556,
1.89, -1.1747, 1.8420, -1.0796,
1.89, -1.3510, 1.8948, -1.5273,
1.89, -1.3510, 1.8420, -1.4316,
1.89, -1.3510, 1.8420, -1.2556,
1.89, -1.5273, 1.8948, -1.7035,
1.89, -1.5273, 1.8420, -1.6076,
1.89, -1.5273, 1.8420, -1.4316,
1.89, -1.7035, 1.8948, -1.8798,
1.89, -1.7035, 1.8420, -1.7836,
1.89, -1.7035, 1.8420, -1.6076,
1.89, -1.8798, 1.7776, -1.9595,
1.89, -1.8798, 1.8420, -1.7836,
1.78, -1.9595, 1.6013, -1.9595,
1.78, -1.9595, 1.6660, -1.7836,
1.78, -1.9595, 1.8420, -1.7836,
1.60, -1.9595, 1.4251, -1.9595,
1.60, -1.9595, 1.4900, -1.7836,
1.60, -1.9595, 1.6660, -1.7836,
1.43, -1.9595, 1.2488, -1.9595,
1.43, -1.9595, 1.3141, -1.7836,
1.43, -1.9595, 1.4900, -1.7836,
1.25, -1.9595, 1.0725, -1.9595,
1.25, -1.9595, 1.1381, -1.7836,
1.25, -1.9595, 1.3141, -1.7836,
1.07, -1.9595, 0.8962, -1.9595,
1.07, -1.9595, 0.9621, -1.7836,
1.07, -1.9595, 1.1381, -1.7836,
0.90, -1.9595, 0.7199, -1.9595,
0.90, -1.9595, 0.7861, -1.7836,
0.90, -1.9595, 0.9621, -1.7836,
0.72, -1.9595, 0.5437, -1.9595,
0.72, -1.9595, 0.6101, -1.7836,
0.72, -1.9595, 0.7861, -1.7836,
0.54, -1.9595, 0.3674, -1.9595,
0.54, -1.9595, 0.4342, -1.7836,
0.54, -1.9595, 0.6101, -1.7836,
0.37, -1.9595, 0.1911, -1.9595,
0.37, -1.9595, 0.2582, -1.7836,
0.37, -1.9595, 0.4342, -1.7836,
0.19, -1.9595, 0.0148, -1.9595,
0.19, -1.9595, 0.0822, -1.7836,
0.19, -1.9595, 0.2582, -1.7836,
0.01, -1.9595, -0.1615, -1.9595,
0.01, -1.9595, -0.0938, -1.7836,
0.01, -1.9595, 0.0822, -1.7836,
-0.16, -1.9595, -0.3377, -1.9595,
-0.16, -1.9595, -0.2698, -1.7836,
-0.16, -1.9595, -0.0938, -1.7836,
-0.34, -1.9595, -0.5140, -1.9595,
-0.34, -1.9595, -0.4457, -1.7836,
-0.34, -1.9595, -0.2698, -1.7836,
-0.51, -1.9595, -0.6903, -1.9595,
-0.51, -1.9595, -0.6217, -1.7836,
-0.51, -1.9595, -0.4457, -1.7836,
-0.69, -1.9595, -0.8666, -1.9595,
-0.69, -1.9595, -0.7977, -1.7836,
-0.69, -1.9595, -0.6217, -1.7836,
-0.87, -1.9595, -1.0429, -1.9595,
-0.87, -1.9595, -0.9737, -1.7836,
-0.87, -1.9595, -0.7977, -1.7836,
-1.04, -1.9595, -1.2191, -1.9595,
-1.04, -1.9595, -1.1497, -1.7836,
-1.04, -1.9595, -0.9737, -1.7836,
-1.22, -1.9595, -1.3954, -1.9595,
-1.22, -1.9595, -1.3256, -1.7836,
-1.22, -1.9595, -1.1497, -1.7836,
-1.40, -1.9595, -1.5717, -1.9595,
-1.40, -1.9595, -1.5016, -1.7836,
-1.40, -1.9595, -1.3256, -1.7836,
-1.57, -1.9595, -1.7480, -1.9595,
-1.57, -1.9595, -1.6776, -1.7836,
-1.57, -1.9595, -1.5016, -1.7836,
-1.75, -1.9595, -1.6776, -1.7836,
-1.68, -1.7836, -1.6776, -1.6076,
-1.68, -1.7836, -1.5016, -1.7836,
-1.68, -1.7836, -1.5016, -1.6076,
-1.68, -1.6076, -1.6776, -1.4316,
-1.68, -1.6076, -1.5016, -1.6076,
-1.68, -1.4316, -1.6776, -1.2556,
-1.68, -1.4316, -1.5016, -1.6076,
-1.68, -1.4316, -1.5016, -1.4316,
-1.68, -1.2556, -1.6776, -1.0796,
-1.68, -1.2556, -1.5016, -1.4316,
-1.68, -1.2556, -1.5016, -1.2556,
-1.68, -1.2556, -1.5016, -1.0796,
-1.68, -1.0796, -1.6776, -0.9037,
-1.68, -1.0796, -1.5016, -1.0796,
-1.68, -0.9037, -1.6776, -0.7277,
-1.68, -0.9037, -1.5016, -1.0796,
-1.68, -0.9037, -1.5016, -0.9037,
-1.68, -0.7277, -1.6776, -0.5517,
-1.68, -0.7277, -1.5016, -0.9037,
-1.68, -0.7277, -1.5016, -0.7277,
-1.68, -0.7277, -1.5016, -0.5517,
-1.68, -0.5517, -1.6776, -0.3757,
-1.68, -0.5517, -1.5016, -0.5517,
-1.68, -0.3757, -1.6776, -0.1997,
-1.68, -0.3757, -1.5016, -0.5517,
-1.68, -0.3757, -1.5016, -0.3757,
-1.68, -0.3757, -1.5016, -0.1997,
-1.68, -0.1997, -1.6776, -0.0238,
-1.68, -0.1997, -1.5016, -0.1997,
-1.68, -0.0238, -1.6776, 0.1522,
-1.68, -0.0238, -1.5016, -0.1997,
-1.68, -0.0238, -1.5016, -0.0238,
-1.68, -0.0238, -1.5016, 0.1522,
-1.68, 0.1522, -1.6776, 0.3282,
-1.68, 0.1522, -1.5016, 0.1522,
-1.68, 0.3282, -1.6776, 0.5042,
-1.68, 0.3282, -1.5016, 0.1522,
-1.68, 0.3282, -1.5016, 0.3282,
-1.68, 0.3282, -1.5016, 0.5042,
-1.68, 0.5042, -1.6776, 0.6802,
-1.68, 0.5042, -1.5016, 0.5042,
-1.68, 0.5042, -1.5016, 0.6802,
-1.68, 0.6802, -1.6776, 0.8561,
-1.68, 0.6802, -1.5016, 0.6802,
-1.68, 0.8561, -1.6776, 1.0321,
-1.68, 0.8561, -1.5016, 0.6802,
-1.68, 0.8561, -1.5016, 0.8561,
-1.68, 0.8561, -1.5016, 1.0321,
-1.68, 1.0321, -1.6776, 1.2081,
-1.68, 1.0321, -1.5016, 1.0321,
-1.68, 1.2081, -1.6776, 1.3841,
-1.68, 1.2081, -1.5016, 1.0321,
-1.68, 1.2081, -1.5016, 1.2081,
-1.68, 1.3841, -1.6776, 1.5601,
-1.68, 1.3841, -1.5016, 1.2081,
-1.68, 1.3841, -1.5016, 1.3841,
-1.68, 1.3841, -1.5016, 1.5601,
-1.68, 1.5601, -1.6776, 1.7360,
-1.68, 1.5601, -1.5016, 1.5601,
-1.68, 1.7360, -1.6776, 1.9120,
-1.68, 1.7360, -1.5016, 1.5601,
-1.68, 1.7360, -1.5016, 1.7360,
-1.68, 1.9120, -1.5016, 1.7360,
-1.68, 1.9120, -1.5016, 1.9120,
-1.50, -1.7836, -1.5016, -1.6076,
-1.50, -1.7836, -1.3256, -1.7836,
-1.50, -1.6076, -1.5016, -1.4316,
-1.50, -1.6076, -1.3256, -1.7836,
-1.50, -1.6076, -1.3256, -1.6076,
-1.50, -1.6076, -1.3256, -1.4316,
-1.50, -1.4316, -1.5016, -1.2556,
-1.50, -1.4316, -1.3256, -1.4316,
-1.50, -1.4316, -1.3256, -1.2556,
-1.50, -1.2556, -1.5016, -1.0796,
-1.50, -1.2556, -1.3256, -1.2556,
-1.50, -1.0796, -1.5016, -0.9037,
-1.50, -1.0796, -1.3256, -1.2556,
-1.50, -1.0796, -1.3256, -1.0796,
-1.50, -1.0796, -1.3256, -0.9037,
-1.50, -0.9037, -1.5016, -0.7277,
-1.50, -0.9037, -1.3256, -0.9037,
-1.50, -0.7277, -1.5016, -0.5517,
-1.50, -0.7277, -1.3256, -0.9037,
-1.50, -0.7277, -1.3256, -0.7277,
-1.50, -0.5517, -1.5016, -0.3757,
-1.50, -0.5517, -1.3256, -0.7277,
-1.50, -0.5517, -1.3256, -0.5517,
-1.50, -0.5517, -1.3256, -0.3757,
-1.50, -0.3757, -1.5016, -0.1997,
-1.50, -0.3757, -1.3256, -0.3757,
-1.50, -0.1997, -1.5016, -0.0238,
-1.50, -0.1997, -1.3256, -0.3757,
-1.50, -0.1997, -1.3256, -0.1997,
-1.50, -0.1997, -1.3256, -0.0238,
-1.50, -0.0238, -1.5016, 0.1522,
-1.50, -0.0238, -1.3256, -0.0238,
-1.50, 0.1522, -1.5016, 0.3282,
-1.50, 0.1522, -1.3256, -0.0238,
-1.50, 0.1522, -1.3256, 0.1522,
-1.50, 0.1522, -1.3256, 0.3282,
-1.50, 0.3282, -1.5016, 0.5042,
-1.50, 0.3282, -1.3256, 0.3282,
-1.50, 0.5042, -1.5016, 0.6802,
-1.50, 0.5042, -1.3256, 0.3282,
-1.50, 0.5042, -1.3256, 0.5042,
-1.50, 0.6802, -1.5016, 0.8561,
-1.50, 0.6802, -1.3256, 0.5042,
-1.50, 0.6802, -1.3256, 0.6802,
-1.50, 0.6802, -1.3256, 0.8561,
-1.50, 0.8561, -1.5016, 1.0321,
-1.50, 0.8561, -1.3256, 0.8561,
-1.50, 1.0321, -1.5016, 1.2081,
-1.50, 1.0321, -1.3256, 0.8561,
-1.50, 1.0321, -1.3256, 1.0321,
-1.50, 1.0321, -1.3256, 1.2081,
-1.50, 1.2081, -1.5016, 1.3841,
-1.50, 1.2081, -1.3256, 1.2081,
-1.50, 1.2081, -1.3256, 1.3841,
-1.50, 1.3841, -1.5016, 1.5601,
-1.50, 1.3841, -1.3256, 1.3841,
-1.50, 1.5601, -1.5016, 1.7360,
-1.50, 1.5601, -1.3256, 1.3841,
-1.50, 1.5601, -1.3256, 1.5601,
-1.50, 1.7360, -1.5016, 1.9120,
-1.50, 1.7360, -1.3256, 1.5601,
-1.50, 1.7360, -1.3256, 1.7360,
-1.50, 1.7360, -1.3256, 1.9120,
-1.50, 1.9120, -1.3256, 1.9120,
-1.33, -1.7836, -1.3256, -1.6076,
-1.33, -1.7836, -1.1497, -1.7836,
-1.33, -1.6076, -1.3256, -1.4316,
-1.33, -1.6076, -1.1497, -1.7836,
-1.33, -1.6076, -1.1497, -1.6076,
-1.33, -1.6076, -1.1497, -1.4316,
-1.33, -1.4316, -1.3256, -1.2556,
-1.33, -1.4316, -1.1497, -1.4316,
-1.33, -1.2556, -1.3256, -1.0796,
-1.33, -1.2556, -1.1497, -1.4316,
-1.33, -1.2556, -1.1497, -1.2556,
-1.33, -1.0796, -1.3256, -0.9037,
-1.33, -1.0796, -1.1497, -1.2556,
-1.33, -1.0796, -1.1497, -1.0796,
-1.33, -0.9037, -1.3256, -0.7277,
-1.33, -0.9037, -1.1497, -1.0796,
-1.33, -0.9037, -1.1497, -0.9037,
-1.33, -0.9037, -1.1497, -0.7277,
-1.33, -0.7277, -1.3256, -0.5517,
-1.33, -0.7277, -1.1497, -0.7277,
-1.33, -0.7277, -1.1497, -0.5517,
-1.33, -0.5517, -1.3256, -0.3757,
-1.33, -0.5517, -1.1497, -0.5517,
-1.33, -0.3757, -1.3256, -0.1997,
-1.33, -0.3757, -1.1497, -0.5517,
-1.33, -0.3757, -1.1497, -0.3757,
-1.33, -0.3757, -1.1497, -0.1997,
-1.33, -0.1997, -1.3256, -0.0238,
-1.33, -0.1997, -1.1497, -0.1997,
-1.33, -0.0238, -1.3256, 0.1522,
-1.33, -0.0238, -1.1497, -0.1997,
-1.33, -0.0238, -1.1497, -0.0238,
-1.33, -0.0238, -1.1497, 0.1522,
-1.33, 0.1522, -1.3256, 0.3282,
-1.33, 0.1522, -1.1497, 0.1522,
-1.33, 0.3282, -1.3256, 0.5042,
-1.33, 0.3282, -1.1497, 0.1522,
-1.33, 0.3282, -1.1497, 0.3282,
-1.33, 0.5042, -1.3256, 0.6802,
-1.33, 0.5042, -1.1497, 0.3282,
-1.33, 0.5042, -1.1497, 0.5042,
-1.33, 0.6802, -1.3256, 0.8561,
-1.33, 0.6802, -1.1497, 0.5042,
-1.33, 0.6802, -1.1497, 0.6802,
-1.33, 0.6802, -1.1497, 0.8561,
-1.33, 0.8561, -1.3256, 1.0321,
-1.33, 0.8561, -1.1497, 0.8561,
-1.33, 0.8561, -1.1497, 1.0321,
-1.33, 1.0321, -1.3256, 1.2081,
-1.33, 1.0321, -1.1497, 1.0321,
-1.33, 1.2081, -1.3256, 1.3841,
-1.33, 1.2081, -1.1497, 1.0321,
-1.33, 1.2081, -1.1497, 1.2081,
-1.33, 1.3841, -1.3256, 1.5601,
-1.33, 1.3841, -1.1497, 1.2081,
-1.33, 1.3841, -1.1497, 1.3841,
-1.33, 1.3841, -1.1497, 1.5601,
-1.33, 1.5601, -1.3256, 1.7360,
-1.33, 1.5601, -1.1497, 1.5601,
-1.33, 1.5601, -1.1497, 1.7360,
-1.33, 1.7360, -1.3256, 1.9120,
-1.33, 1.7360, -1.1497, 1.7360,
-1.33, 1.9120, -1.1497, 1.7360,
-1.33, 1.9120, -1.1497, 1.9120,
-1.15, -1.7836, -1.1497, -1.6076,
-1.15, -1.7836, -0.9737, -1.7836,
-1.15, -1.7836, -0.9737, -1.6076,
-1.15, -1.6076, -1.1497, -1.4316,
-1.15, -1.6076, -0.9737, -1.6076,
-1.15, -1.4316, -1.1497, -1.2556,
-1.15, -1.4316, -0.9737, -1.6076,
-1.15, -1.4316, -0.9737, -1.4316,
-1.15, -1.4316, -0.9737, -1.2556,
-1.15, -1.2556, -1.1497, -1.0796,
-1.15, -1.2556, -0.9737, -1.2556,
-1.15, -1.0796, -1.1497, -0.9037,
-1.15, -1.0796, -0.9737, -1.2556,
-1.15, -1.0796, -0.9737, -1.0796,
-1.15, -1.0796, -0.9737, -0.9037,
-1.15, -0.9037, -1.1497, -0.7277,
-1.15, -0.9037, -0.9737, -0.9037,
-1.15, -0.7277, -1.1497, -0.5517,
-1.15, -0.7277, -0.9737, -0.9037,
-1.15, -0.7277, -0.9737, -0.7277,
-1.15, -0.7277, -0.9737, -0.5517,
-1.15, -0.5517, -1.1497, -0.3757,
-1.15, -0.5517, -0.9737, -0.5517,
-1.15, -0.5517, -0.9737, -0.3757,
-1.15, -0.3757, -1.1497, -0.1997,
-1.15, -0.3757, -0.9737, -0.3757,
-1.15, -0.1997, -1.1497, -0.0238,
-1.15, -0.1997, -0.9737, -0.3757,
-1.15, -0.1997, -0.9737, -0.1997,
-1.15, -0.1997, -0.9737, -0.0238,
-1.15, -0.0238, -1.1497, 0.1522,
-1.15, -0.0238, -0.9737, -0.0238,
-1.15, 0.1522, -1.1497, 0.3282,
-1.15, 0.1522, -0.9737, -0.0238,
-1.15, 0.1522, -0.9737, 0.1522,
-1.15, 0.1522, -0.9737, 0.3282,
-1.15, 0.3282, -1.1497, 0.5042,
-1.15, 0.3282, -0.9737, 0.3282,
-1.15, 0.3282, -0.9737, 0.5042,
-1.15, 0.5042, -1.1497, 0.6802,
-1.15, 0.5042, -0.9737, 0.5042,
-1.15, 0.5042, -0.9737, 0.6802,
-1.15, 0.6802, -1.1497, 0.8561,
-1.15, 0.6802, -0.9737, 0.6802,
-1.15, 0.8561, -1.1497, 1.0321,
-1.15, 0.8561, -0.9737, 0.6802,
-1.15, 0.8561, -0.9737, 0.8561,
-1.15, 1.0321, -1.1497, 1.2081,
-1.15, 1.0321, -0.9737, 0.8561,
-1.15, 1.0321, -0.9737, 1.0321,
-1.15, 1.0321, -0.9737, 1.2081,
-1.15, 1.2081, -1.1497, 1.3841,
-1.15, 1.2081, -0.9737, 1.2081,
-1.15, 1.3841, -1.1497, 1.5601,
-1.15, 1.3841, -0.9737, 1.2081,
-1.15, 1.3841, -0.9737, 1.3841,
-1.15, 1.5601, -1.1497, 1.7360,
-1.15, 1.5601, -0.9737, 1.3841,
-1.15, 1.5601, -0.9737, 1.5601,
-1.15, 1.7360, -1.1497, 1.9120,
-1.15, 1.7360, -0.9737, 1.5601,
-1.15, 1.7360, -0.9737, 1.7360,
-1.15, 1.7360, -0.9737, 1.9120,
-1.15, 1.9120, -0.9737, 1.9120,
-0.97, -1.7836, -0.9737, -1.6076,
-0.97, -1.7836, -0.7977, -1.7836,
-0.97, -1.6076, -0.9737, -1.4316,
-0.97, -1.6076, -0.7977, -1.7836,
-0.97, -1.6076, -0.7977, -1.6076,
-0.97, -1.6076, -0.7977, -1.4316,
-0.97, -1.4316, -0.9737, -1.2556,
-0.97, -1.4316, -0.7977, -1.4316,
-0.97, -1.2556, -0.9737, -1.0796,
-0.97, -1.2556, -0.7977, -1.4316,
-0.97, -1.2556, -0.7977, -1.2556,
-0.97, -1.2556, -0.7977, -1.0796,
-0.97, -1.0796, -0.9737, -0.9037,
-0.97, -1.0796, -0.7977, -1.0796,
-0.97, -0.9037, -0.9737, -0.7277,
-0.97, -0.9037, -0.7977, -1.0796,
-0.97, -0.9037, -0.7977, -0.9037,
-0.97, -0.9037, -0.7977, -0.7277,
-0.97, -0.7277, -0.9737, -0.5517,
-0.97, -0.7277, -0.7977, -0.7277,
-0.97, -0.5517, -0.9737, -0.3757,
-0.97, -0.5517, -0.7977, -0.7277,
-0.97, -0.5517, -0.7977, -0.5517,
-0.97, -0.3757, -0.9737, -0.1997,
-0.97, -0.3757, -0.7977, -0.5517,
-0.97, -0.3757, -0.7977, -0.3757,
-0.97, -0.3757, -0.7977, -0.1997,
-0.97, -0.1997, -0.9737, -0.0238,
-0.97, -0.1997, -0.7977, -0.1997,
-0.97, -0.0238, -0.9737, 0.1522,
-0.97, -0.0238, -0.7977, -0.1997,
-0.97, -0.0238, -0.7977, -0.0238,
-0.97, -0.0238, -0.7977, 0.1522,
-0.97, 0.1522, -0.9737, 0.3282,
-0.97, 0.1522, -0.7977, 0.1522,
-0.97, 0.3282, -0.9737, 0.5042,
-0.97, 0.3282, -0.7977, 0.1522,
-0.97, 0.3282, -0.7977, 0.3282,
-0.97, 0.3282, -0.7977, 0.5042,
-0.97, 0.5042, -0.9737, 0.6802,
-0.97, 0.5042, -0.7977, 0.5042,
-0.97, 0.5042, -0.7977, 0.6802,
-0.97, 0.6802, -0.9737, 0.8561,
-0.97, 0.6802, -0.7977, 0.6802,
-0.97, 0.8561, -0.9737, 1.0321,
-0.97, 0.8561, -0.7977, 0.6802,
-0.97, 0.8561, -0.7977, 0.8561,
-0.97, 0.8561, -0.7977, 1.0321,
-0.97, 1.0321, -0.9737, 1.2081,
-0.97, 1.0321, -0.7977, 1.0321,
-0.97, 1.2081, -0.9737, 1.3841,
-0.97, 1.2081, -0.7977, 1.0321,
-0.97, 1.2081, -0.7977, 1.2081,
-0.97, 1.2081, -0.7977, 1.3841,
-0.97, 1.3841, -0.9737, 1.5601,
-0.97, 1.3841, -0.7977, 1.3841,
-0.97, 1.3841, -0.7977, 1.5601,
-0.97, 1.5601, -0.9737, 1.7360,
-0.97, 1.5601, -0.7977, 1.5601,
-0.97, 1.7360, -0.9737, 1.9120,
-0.97, 1.7360, -0.7977, 1.5601,
-0.97, 1.7360, -0.7977, 1.7360,
-0.97, 1.7360, -0.7977, 1.9120,
-0.97, 1.9120, -0.7977, 1.9120,
-0.80, -1.7836, -0.7977, -1.6076,
-0.80, -1.7836, -0.6217, -1.7836,
-0.80, -1.7836, -0.6217, -1.6076,
-0.80, -1.6076, -0.7977, -1.4316,
-0.80, -1.6076, -0.6217, -1.6076,
-0.80, -1.6076, -0.6217, -1.4316,
-0.80, -1.4316, -0.7977, -1.2556,
-0.80, -1.4316, -0.6217, -1.4316,
-0.80, -1.2556, -0.7977, -1.0796,
-0.80, -1.2556, -0.6217, -1.4316,
-0.80, -1.2556, -0.6217, -1.2556,
-0.80, -1.0796, -0.7977, -0.9037,
-0.80, -1.0796, -0.6217, -1.2556,
-0.80, -1.0796, -0.6217, -1.0796,
-0.80, -1.0796, -0.6217, -0.9037,
-0.80, -0.9037, -0.7977, -0.7277,
-0.80, -0.9037, -0.6217, -0.9037,
-0.80, -0.7277, -0.7977, -0.5517,
-0.80, -0.7277, -0.6217, -0.9037,
-0.80, -0.7277, -0.6217, -0.7277,
-0.80, -0.7277, -0.6217, -0.5517,
-0.80, -0.5517, -0.7977, -0.3757,
-0.80, -0.5517, -0.6217, -0.5517,
-0.80, -0.5517, -0.6217, -0.3757,
-0.80, -0.3757, -0.7977, -0.1997,
-0.80, -0.3757, -0.6217, -0.3757,
-0.80, -0.3757, -0.6217, -0.1997,
-0.80, -0.1997, -0.7977, -0.0238,
-0.80, -0.1997, -0.6217, -0.1997,
-0.80, -0.0238, -0.7977, 0.1522,
-0.80, -0.0238, -0.6217, -0.1997,
-0.80, -0.0238, -0.6217, -0.0238,
-0.80, -0.0238, -0.6217, 0.1522,
-0.80, 0.1522, -0.7977, 0.3282,
-0.80, 0.1522, -0.6217, 0.1522,
-0.80, 0.1522, -0.6217, 0.3282,
-0.80, 0.3282, -0.7977, 0.5042,
-0.80, 0.3282, -0.6217, 0.3282,
-0.80, 0.3282, -0.6217, 0.5042,
-0.80, 0.5042, -0.7977, 0.6802,
-0.80, 0.5042, -0.6217, 0.5042,
-0.80, 0.6802, -0.7977, 0.8561,
-0.80, 0.6802, -0.6217, 0.5042,
-0.80, 0.6802, -0.6217, 0.6802,
-0.80, 0.6802, -0.6217, 0.8561,
-0.80, 0.8561, -0.7977, 1.0321,
-0.80, 0.8561, -0.6217, 0.8561,
-0.80, 1.0321, -0.7977, 1.2081,
-0.80, 1.0321, -0.6217, 0.8561,
-0.80, 1.0321, -0.6217, 1.0321,
-0.80, 1.0321, -0.6217, 1.2081,
-0.80, 1.2081, -0.7977, 1.3841,
-0.80, 1.2081, -0.6217, 1.2081,
-0.80, 1.3841, -0.7977, 1.5601,
-0.80, 1.3841, -0.6217, 1.2081,
-0.80, 1.3841, -0.6217, 1.3841,
-0.80, 1.5601, -0.7977, 1.7360,
-0.80, 1.5601, -0.6217, 1.3841,
-0.80, 1.5601, -0.6217, 1.5601,
-0.80, 1.5601, -0.6217, 1.7360,
-0.80, 1.7360, -0.7977, 1.9120,
-0.80, 1.7360, -0.6217, 1.7360,
-0.80, 1.9120, -0.6217, 1.7360,
-0.80, 1.9120, -0.6217, 1.9120,
-0.62, -1.7836, -0.6217, -1.6076,
-0.62, -1.7836, -0.4457, -1.7836,
-0.62, -1.7836, -0.4457, -1.6076,
-0.62, -1.6076, -0.6217, -1.4316,
-0.62, -1.6076, -0.4457, -1.6076,
-0.62, -1.4316, -0.6217, -1.2556,
-0.62, -1.4316, -0.4457, -1.6076,
-0.62, -1.4316, -0.4457, -1.4316,
-0.62, -1.4316, -0.4457, -1.2556,
-0.62, -1.2556, -0.6217, -1.0796,
-0.62, -1.2556, -0.4457, -1.2556,
-0.62, -1.2556, -0.4457, -1.0796,
-0.62, -1.0796, -0.6217, -0.9037,
-0.62, -1.0796, -0.4457, -1.0796,
-0.62, -0.9037, -0.6217, -0.7277,
-0.62, -0.9037, -0.4457, -1.0796,
-0.62, -0.9037, -0.4457, -0.9037,
-0.62, -0.9037, -0.4457, -0.7277,
-0.62, -0.7277, -0.6217, -0.5517,
-0.62, -0.7277, -0.4457, -0.7277,
-0.62, -0.7277, -0.4457, -0.5517,
-0.62, -0.5517, -0.6217, -0.3757,
-0.62, -0.5517, -0.4457, -0.5517,
-0.62, -0.3757, -0.6217, -0.1997,
-0.62, -0.3757, -0.4457, -0.5517,
-0.62, -0.3757, -0.4457, -0.3757,
-0.62, -0.3757, -0.4457, -0.1997,
-0.62, -0.1997, -0.6217, -0.0238,
-0.62, -0.1997, -0.4457, -0.1997,
-0.62, -0.0238, -0.6217, 0.1522,
-0.62, -0.0238, -0.4457, -0.1997,
-0.62, -0.0238, -0.4457, -0.0238,
-0.62, -0.0238, -0.4457, 0.1522,
-0.62, 0.1522, -0.6217, 0.3282,
-0.62, 0.1522, -0.4457, 0.1522,
-0.62, 0.3282, -0.6217, 0.5042,
-0.62, 0.3282, -0.4457, 0.1522,
-0.62, 0.3282, -0.4457, 0.3282,
-0.62, 0.3282, -0.4457, 0.5042,
-0.62, 0.5042, -0.6217, 0.6802,
-0.62, 0.5042, -0.4457, 0.5042,
-0.62, 0.5042, -0.4457, 0.6802,
-0.62, 0.6802, -0.6217, 0.8561,
-0.62, 0.6802, -0.4457, 0.6802,
-0.62, 0.8561, -0.6217, 1.0321,
-0.62, 0.8561, -0.4457, 0.6802,
-0.62, 0.8561, -0.4457, 0.8561,
-0.62, 1.0321, -0.6217, 1.2081,
-0.62, 1.0321, -0.4457, 0.8561,
-0.62, 1.0321, -0.4457, 1.0321,
-0.62, 1.2081, -0.6217, 1.3841,
-0.62, 1.2081, -0.4457, 1.0321,
-0.62, 1.2081, -0.4457, 1.2081,
-0.62, 1.2081, -0.4457, 1.3841,
-0.62, 1.3841, -0.6217, 1.5601,
-0.62, 1.3841, -0.4457, 1.3841,
-0.62, 1.5601, -0.6217, 1.7360,
-0.62, 1.5601, -0.4457, 1.3841,
-0.62, 1.5601, -0.4457, 1.5601,
-0.62, 1.5601, -0.4457, 1.7360,
-0.62, 1.7360, -0.6217, 1.9120,
-0.62, 1.7360, -0.4457, 1.7360,
-0.62, 1.7360, -0.4457, 1.9120,
-0.62, 1.9120, -0.4457, 1.9120,
-0.45, -1.7836, -0.4457, -1.6076,
-0.45, -1.7836, -0.2698, -1.7836,
-0.45, -1.6076, -0.4457, -1.4316,
-0.45, -1.6076, -0.2698, -1.7836,
-0.45, -1.6076, -0.2698, -1.6076,
-0.45, -1.6076, -0.2698, -1.4316,
-0.45, -1.4316, -0.4457, -1.2556,
-0.45, -1.4316, -0.2698, -1.4316,
-0.45, -1.2556, -0.4457, -1.0796,
-0.45, -1.2556, -0.2698, -1.4316,
-0.45, -1.2556, -0.2698, -1.2556,
-0.45, -1.0796, -0.4457, -0.9037,
-0.45, -1.0796, -0.2698, -1.2556,
-0.45, -1.0796, -0.2698, -1.0796,
-0.45, -1.0796, -0.2698, -0.9037,
-0.45, -0.9037, -0.4457, -0.7277,
-0.45, -0.9037, -0.2698, -0.9037,
-0.45, -0.7277, -0.4457, -0.5517,
-0.45, -0.7277, -0.2698, -0.9037,
-0.45, -0.7277, -0.2698, -0.7277,
-0.45, -0.5517, -0.4457, -0.3757,
-0.45, -0.5517, -0.2698, -0.7277,
-0.45, -0.5517, -0.2698, -0.5517,
-0.45, -0.5517, -0.2698, -0.3757,
-0.45, -0.3757, -0.4457, -0.1997,
-0.45, -0.3757, -0.2698, -0.3757,
-0.45, -0.1997, -0.4457, -0.0238,
-0.45, -0.1997, -0.2698, -0.3757,
-0.45, -0.1997, -0.2698, -0.1997,
-0.45, -0.1997, -0.2698, -0.0238,
-0.45, -0.0238, -0.4457, 0.1522,
-0.45, -0.0238, -0.2698, -0.0238,
-0.45, -0.0238, -0.2698, 0.1522,
-0.45, 0.1522, -0.4457, 0.3282,
-0.45, 0.1522, -0.2698, 0.1522,
-0.45, 0.1522, -0.2698, 0.3282,
-0.45, 0.3282, -0.4457, 0.5042,
-0.45, 0.3282, -0.2698, 0.3282,
-0.45, 0.5042, -0.4457, 0.6802,
-0.45, 0.5042, -0.2698, 0.3282,
-0.45, 0.5042, -0.2698, 0.5042,
-0.45, 0.6802, -0.4457, 0.8561,
-0.45, 0.6802, -0.2698, 0.5042,
-0.45, 0.6802, -0.2698, 0.6802,
-0.45, 0.6802, -0.2698, 0.8561,
-0.45, 0.8561, -0.4457, 1.0321,
-0.45, 0.8561, -0.2698, 0.8561,
-0.45, 0.8561, -0.2698, 1.0321,
-0.45, 1.0321, -0.4457, 1.2081,
-0.45, 1.0321, -0.2698, 1.0321,
-0.45, 1.2081, -0.4457, 1.3841,
-0.45, 1.2081, -0.2698, 1.0321,
-0.45, 1.2081, -0.2698, 1.2081,
-0.45, 1.2081, -0.2698, 1.3841,
-0.45, 1.3841, -0.4457, 1.5601,
-0.45, 1.3841, -0.2698, 1.3841,
-0.45, 1.3841, -0.2698, 1.5601,
-0.45, 1.5601, -0.4457, 1.7360,
-0.45, 1.5601, -0.2698, 1.5601,
-0.45, 1.7360, -0.4457, 1.9120,
-0.45, 1.7360, -0.2698, 1.5601,
-0.45, 1.7360, -0.2698, 1.7360,
-0.45, 1.9120, -0.2698, 1.7360,
-0.45, 1.9120, -0.2698, 1.9120,
-0.27, -1.7836, -0.2698, -1.6076,
-0.27, -1.7836, -0.0938, -1.7836,
-0.27, -1.7836, -0.0938, -1.6076,
-0.27, -1.6076, -0.2698, -1.4316,
-0.27, -1.6076, -0.0938, -1.6076,
-0.27, -1.4316, -0.2698, -1.2556,
-0.27, -1.4316, -0.0938, -1.6076,
-0.27, -1.4316, -0.0938, -1.4316,
-0.27, -1.4316, -0.0938, -1.2556,
-0.27, -1.2556, -0.2698, -1.0796,
-0.27, -1.2556, -0.0938, -1.2556,
-0.27, -1.0796, -0.2698, -0.9037,
-0.27, -1.0796, -0.0938, -1.2556,
-0.27, -1.0796, -0.0938, -1.0796,
-0.27, -0.9037, -0.2698, -0.7277,
-0.27, -0.9037, -0.0938, -1.0796,
-0.27, -0.9037, -0.0938, -0.9037,
-0.27, -0.9037, -0.0938, -0.7277,
-0.27, -0.7277, -0.2698, -0.5517,
-0.27, -0.7277, -0.0938, -0.7277,
-0.27, -0.5517, -0.2698, -0.3757,
-0.27, -0.5517, -0.0938, -0.7277,
-0.27, -0.5517, -0.0938, -0.5517,
-0.27, -0.5517, -0.0938, -0.3757,
-0.27, -0.3757, -0.2698, -0.1997,
-0.27, -0.3757, -0.0938, -0.3757,
-0.27, -0.1997, -0.2698, -0.0238,
-0.27, -0.1997, -0.0938, -0.3757,
-0.27, -0.1997, -0.0938, -0.1997,
-0.27, -0.1997, -0.0938, -0.0238,
-0.27, -0.0238, -0.2698, 0.1522,
-0.27, -0.0238, -0.0938, -0.0238,
-0.27, 0.1522, -0.2698, 0.3282,
-0.27, 0.1522, -0.0938, -0.0238,
-0.27, 0.1522, -0.0938, 0.1522,
-0.27, 0.3282, -0.2698, 0.5042,
-0.27, 0.3282, -0.0938, 0.1522,
-0.27, 0.3282, -0.0938, 0.3282,
-0.27, 0.3282, -0.0938, 0.5042,
-0.27, 0.5042, -0.2698, 0.6802,
-0.27, 0.5042, -0.0938, 0.5042,
-0.27, 0.6802, -0.2698, 0.8561,
-0.27, 0.6802, -0.0938, 0.5042,
-0.27, 0.6802, -0.0938, 0.6802,
-0.27, 0.6802, -0.0938, 0.8561,
-0.27, 0.8561, -0.2698, 1.0321,
-0.27, 0.8561, -0.0938, 0.8561,
-0.27, 0.8561, -0.0938, 1.0321,
-0.27, 1.0321, -0.2698, 1.2081,
-0.27, 1.0321, -0.0938, 1.0321,
-0.27, 1.0321, -0.0938, 1.2081,
-0.27, 1.2081, -0.2698, 1.3841,
-0.27, 1.2081, -0.0938, 1.2081,
-0.27, 1.3841, -0.2698, 1.5601,
-0.27, 1.3841, -0.0938, 1.2081,
-0.27, 1.3841, -0.0938, 1.3841,
-0.27, 1.5601, -0.2698, 1.7360,
-0.27, 1.5601, -0.0938, 1.3841,
-0.27, 1.5601, -0.0938, 1.5601,
-0.27, 1.7360, -0.2698, 1.9120,
-0.27, 1.7360, -0.0938, 1.5601,
-0.27, 1.7360, -0.0938, 1.7360,
-0.27, 1.9120, -0.0938, 1.7360,
-0.27, 1.9120, -0.0938, 1.9120,
-0.09, -1.7836, -0.0938, -1.6076,
-0.09, -1.7836, 0.0822, -1.7836,
-0.09, -1.6076, -0.0938, -1.4316,
-0.09, -1.6076, 0.0822, -1.7836,
-0.09, -1.6076, 0.0822, -1.6076,
-0.09, -1.6076, 0.0822, -1.4316,
-0.09, -1.4316, -0.0938, -1.2556,
-0.09, -1.4316, 0.0822, -1.4316,
-0.09, -1.2556, -0.0938, -1.0796,
-0.09, -1.2556, 0.0822, -1.4316,
-0.09, -1.2556, 0.0822, -1.2556,
-0.09, -1.2556, 0.0822, -1.0796,
-0.09, -1.0796, -0.0938, -0.9037,
-0.09, -1.0796, 0.0822, -1.0796,
-0.09, -1.0796, 0.0822, -0.9037,
-0.09, -0.9037, -0.0938, -0.7277,
-0.09, -0.9037, 0.0822, -0.9037,
-0.09, -0.9037, 0.0822, -0.7277,
-0.09, -0.7277, -0.0938, -0.5517,
-0.09, -0.7277, 0.0822, -0.7277,
-0.09, -0.7277, 0.0822, -0.5517,
-0.09, -0.5517, -0.0938, -0.3757,
-0.09, -0.5517, 0.0822, -0.5517,
-0.09, -0.3757, -0.0938, -0.1997,
-0.09, -0.3757, 0.0822, -0.5517,
-0.09, -0.3757, 0.0822, -0.3757,
-0.09, -0.3757, 0.0822, -0.1997,
-0.09, -0.1997, -0.0938, -0.0238,
-0.09, -0.1997, 0.0822, -0.1997,
-0.09, -0.0238, -0.0938, 0.1522,
-0.09, -0.0238, 0.0822, -0.1997,
-0.09, -0.0238, 0.0822, -0.0238,
-0.09, -0.0238, 0.0822, 0.1522,
-0.09, 0.1522, -0.0938, 0.3282,
-0.09, 0.1522, 0.0822, 0.1522,
-0.09, 0.1522, 0.0822, 0.3282,
-0.09, 0.3282, -0.0938, 0.5042,
-0.09, 0.3282, 0.0822, 0.3282,
-0.09, 0.5042, -0.0938, 0.6802,
-0.09, 0.5042, 0.0822, 0.3282,
-0.09, 0.5042, 0.0822, 0.5042,
-0.09, 0.6802, -0.0938, 0.8561,
-0.09, 0.6802, 0.0822, 0.5042,
-0.09, 0.6802, 0.0822, 0.6802,
-0.09, 0.6802, 0.0822, 0.8561,
-0.09, 0.8561, -0.0938, 1.0321,
-0.09, 0.8561, 0.0822, 0.8561,
-0.09, 1.0321, -0.0938, 1.2081,
-0.09, 1.0321, 0.0822, 0.8561,
-0.09, 1.0321, 0.0822, 1.0321,
-0.09, 1.2081, -0.0938, 1.3841,
-0.09, 1.2081, 0.0822, 1.0321,
-0.09, 1.2081, 0.0822, 1.2081,
-0.09, 1.2081, 0.0822, 1.3841,
-0.09, 1.3841, -0.0938, 1.5601,
-0.09, 1.3841, 0.0822, 1.3841,
-0.09, 1.3841, 0.0822, 1.5601,
-0.09, 1.5601, -0.0938, 1.7360,
-0.09, 1.5601, 0.0822, 1.5601,
-0.09, 1.7360, -0.0938, 1.9120,
-0.09, 1.7360, 0.0822, 1.5601,
-0.09, 1.7360, 0.0822, 1.7360,
-0.09, 1.7360, 0.0822, 1.9120,
-0.09, 1.9120, 0.0822, 1.9120,
0.08, -1.7836, 0.0822, -1.6076,
0.08, -1.7836, 0.2582, -1.7836,
0.08, -1.6076, 0.0822, -1.4316,
0.08, -1.6076, 0.2582, -1.7836,
0.08, -1.6076, 0.2582, -1.6076,
0.08, -1.6076, 0.2582, -1.4316,
0.08, -1.4316, 0.0822, -1.2556,
0.08, -1.4316, 0.2582, -1.4316,
0.08, -1.2556, 0.0822, -1.0796,
0.08, -1.2556, 0.2582, -1.4316,
0.08, -1.2556, 0.2582, -1.2556,
0.08, -1.2556, 0.2582, -1.0796,
0.08, -1.0796, 0.0822, -0.9037,
0.08, -1.0796, 0.2582, -1.0796,
0.08, -1.0796, 0.2582, -0.9037,
0.08, -0.9037, 0.0822, -0.7277,
0.08, -0.9037, 0.2582, -0.9037,
0.08, -0.7277, 0.0822, -0.5517,
0.08, -0.7277, 0.2582, -0.9037,
0.08, -0.7277, 0.2582, -0.7277,
0.08, -0.5517, 0.0822, -0.3757,
0.08, -0.5517, 0.2582, -0.7277,
0.08, -0.5517, 0.2582, -0.5517,
0.08, -0.5517, 0.2582, -0.3757,
0.08, -0.3757, 0.0822, -0.1997,
0.08, -0.3757, 0.2582, -0.3757,
0.08, -0.1997, 0.0822, -0.0238,
0.08, -0.1997, 0.2582, -0.3757,
0.08, -0.1997, 0.2582, -0.1997,
0.08, -0.0238, 0.0822, 0.1522,
0.08, -0.0238, 0.2582, -0.1997,
0.08, -0.0238, 0.2582, -0.0238,
0.08, -0.0238, 0.2582, 0.1522,
0.08, 0.1522, 0.0822, 0.3282,
0.08, 0.1522, 0.2582, 0.1522,
0.08, 0.3282, 0.0822, 0.5042,
0.08, 0.3282, 0.2582, 0.1522,
0.08, 0.3282, 0.2582, 0.3282,
0.08, 0.5042, 0.0822, 0.6802,
0.08, 0.5042, 0.2582, 0.3282,
0.08, 0.5042, 0.2582, 0.5042,
0.08, 0.6802, 0.0822, 0.8561,
0.08, 0.6802, 0.2582, 0.5042,
0.08, 0.6802, 0.2582, 0.6802,
0.08, 0.6802, 0.2582, 0.8561,
0.08, 0.8561, 0.0822, 1.0321,
0.08, 0.8561, 0.2582, 0.8561,
0.08, 1.0321, 0.0822, 1.2081,
0.08, 1.0321, 0.2582, 0.8561,
0.08, 1.0321, 0.2582, 1.0321,
0.08, 1.2081, 0.0822, 1.3841,
0.08, 1.2081, 0.2582, 1.0321,
0.08, 1.2081, 0.2582, 1.2081,
0.08, 1.2081, 0.2582, 1.3841,
0.08, 1.3841, 0.0822, 1.5601,
0.08, 1.3841, 0.2582, 1.3841,
0.08, 1.5601, 0.0822, 1.7360,
0.08, 1.5601, 0.2582, 1.3841,
0.08, 1.5601, 0.2582, 1.5601,
0.08, 1.5601, 0.2582, 1.7360,
0.08, 1.7360, 0.0822, 1.9120,
0.08, 1.7360, 0.2582, 1.7360,
0.08, 1.9120, 0.2582, 1.7360,
0.08, 1.9120, 0.2582, 1.9120,
0.26, -1.7836, 0.2582, -1.6076,
0.26, -1.7836, 0.4342, -1.7836,
0.26, -1.7836, 0.4342, -1.6076,
0.26, -1.6076, 0.2582, -1.4316,
0.26, -1.6076, 0.4342, -1.6076,
0.26, -1.4316, 0.2582, -1.2556,
0.26, -1.4316, 0.4342, -1.6076,
0.26, -1.4316, 0.4342, -1.4316,
0.26, -1.2556, 0.2582, -1.0796,
0.26, -1.2556, 0.4342, -1.4316,
0.26, -1.2556, 0.4342, -1.2556,
0.26, -1.0796, 0.2582, -0.9037,
0.26, -1.0796, 0.4342, -1.2556,
0.26, -1.0796, 0.4342, -1.0796,
0.26, -0.9037, 0.2582, -0.7277,
0.26, -0.9037, 0.4342, -1.0796,
0.26, -0.9037, 0.4342, -0.9037,
0.26, -0.9037, 0.4342, -0.7277,
0.26, -0.7277, 0.2582, -0.5517,
0.26, -0.7277, 0.4342, -0.7277,
0.26, -0.5517, 0.2582, -0.3757,
0.26, -0.5517, 0.4342, -0.7277,
0.26, -0.5517, 0.4342, -0.5517,
0.26, -0.3757, 0.2582, -0.1997,
0.26, -0.3757, 0.4342, -0.5517,
0.26, -0.3757, 0.4342, -0.3757,
0.26, -0.3757, 0.4342, -0.1997,
0.26, -0.1997, 0.2582, -0.0238,
0.26, -0.1997, 0.4342, -0.1997,
0.26, -0.1997, 0.4342, -0.0238,
0.26, -0.0238, 0.2582, 0.1522,
0.26, -0.0238, 0.4342, -0.0238,
0.26, 0.1522, 0.2582, 0.3282,
0.26, 0.1522, 0.4342, -0.0238,
0.26, 0.1522, 0.4342, 0.1522,
0.26, 0.3282, 0.2582, 0.5042,
0.26, 0.3282, 0.4342, 0.1522,
0.26, 0.3282, 0.4342, 0.3282,
0.26, 0.3282, 0.4342, 0.5042,
0.26, 0.5042, 0.2582, 0.6802,
0.26, 0.5042, 0.4342, 0.5042,
0.26, 0.6802, 0.2582, 0.8561,
0.26, 0.6802, 0.4342, 0.5042,
0.26, 0.6802, 0.4342, 0.6802,
0.26, 0.8561, 0.2582, 1.0321,
0.26, 0.8561, 0.4342, 0.6802,
0.26, 0.8561, 0.4342, 0.8561,
0.26, 0.8561, 0.4342, 1.0321,
0.26, 1.0321, 0.2582, 1.2081,
0.26, 1.0321, 0.4342, 1.0321,
0.26, 1.2081, 0.2582, 1.3841,
0.26, 1.2081, 0.4342, 1.0321,
0.26, 1.2081, 0.4342, 1.2081,
0.26, 1.3841, 0.2582, 1.5601,
0.26, 1.3841, 0.4342, 1.2081,
0.26, 1.3841, 0.4342, 1.3841,
0.26, 1.3841, 0.4342, 1.5601,
0.26, 1.5601, 0.2582, 1.7360,
0.26, 1.5601, 0.4342, 1.5601,
0.26, 1.7360, 0.2582, 1.9120,
0.26, 1.7360, 0.4342, 1.5601,
0.26, 1.7360, 0.4342, 1.7360,
0.26, 1.7360, 0.4342, 1.9120,
0.26, 1.9120, 0.4342, 1.9120,
0.43, -1.7836, 0.4342, -1.6076,
0.43, -1.7836, 0.6101, -1.7836,
0.43, -1.6076, 0.4342, -1.4316,
0.43, -1.6076, 0.6101, -1.7836,
0.43, -1.6076, 0.6101, -1.6076,
0.43, -1.6076, 0.6101, -1.4316,
0.43, -1.4316, 0.4342, -1.2556,
0.43, -1.4316, 0.6101, -1.4316,
0.43, -1.4316, 0.6101, -1.2556,
0.43, -1.2556, 0.4342, -1.0796,
0.43, -1.2556, 0.6101, -1.2556,
0.43, -1.0796, 0.4342, -0.9037,
0.43, -1.0796, 0.6101, -1.2556,
0.43, -1.0796, 0.6101, -1.0796,
0.43, -1.0796, 0.6101, -0.9037,
0.43, -0.9037, 0.4342, -0.7277,
0.43, -0.9037, 0.6101, -0.9037,
0.43, -0.7277, 0.4342, -0.5517,
0.43, -0.7277, 0.6101, -0.9037,
0.43, -0.7277, 0.6101, -0.7277,
0.43, -0.7277, 0.6101, -0.5517,
0.43, -0.5517, 0.4342, -0.3757,
0.43, -0.5517, 0.6101, -0.5517,
0.43, -0.5517, 0.6101, -0.3757,
0.43, -0.3757, 0.4342, -0.1997,
0.43, -0.3757, 0.6101, -0.3757,
0.43, -0.3757, 0.6101, -0.1997,
0.43, -0.1997, 0.4342, -0.0238,
0.43, -0.1997, 0.6101, -0.1997,
0.43, -0.1997, 0.6101, -0.0238,
0.43, -0.0238, 0.4342, 0.1522,
0.43, -0.0238, 0.6101, -0.0238,
0.43, 0.1522, 0.4342, 0.3282,
0.43, 0.1522, 0.6101, -0.0238,
0.43, 0.1522, 0.6101, 0.1522,
0.43, 0.3282, 0.4342, 0.5042,
0.43, 0.3282, 0.6101, 0.1522,
0.43, 0.3282, 0.6101, 0.3282,
0.43, 0.5042, 0.4342, 0.6802,
0.43, 0.5042, 0.6101, 0.3282,
0.43, 0.5042, 0.6101, 0.5042,
0.43, 0.5042, 0.6101, 0.6802,
0.43, 0.6802, 0.4342, 0.8561,
0.43, 0.6802, 0.6101, 0.6802,
0.43, 0.8561, 0.4342, 1.0321,
0.43, 0.8561, 0.6101, 0.6802,
0.43, 0.8561, 0.6101, 0.8561,
0.43, 1.0321, 0.4342, 1.2081,
0.43, 1.0321, 0.6101, 0.8561,
0.43, 1.0321, 0.6101, 1.0321,
0.43, 1.0321, 0.6101, 1.2081,
0.43, 1.2081, 0.4342, 1.3841,
0.43, 1.2081, 0.6101, 1.2081,
0.43, 1.3841, 0.4342, 1.5601,
0.43, 1.3841, 0.6101, 1.2081,
0.43, 1.3841, 0.6101, 1.3841,
0.43, 1.5601, 0.4342, 1.7360,
0.43, 1.5601, 0.6101, 1.3841,
0.43, 1.5601, 0.6101, 1.5601,
0.43, 1.5601, 0.6101, 1.7360,
0.43, 1.7360, 0.4342, 1.9120,
0.43, 1.7360, 0.6101, 1.7360,
0.43, 1.7360, 0.6101, 1.9120,
0.43, 1.9120, 0.6101, 1.9120,
0.61, -1.7836, 0.6101, -1.6076,
0.61, -1.7836, 0.7861, -1.7836,
0.61, -1.6076, 0.6101, -1.4316,
0.61, -1.6076, 0.7861, -1.7836,
0.61, -1.6076, 0.7861, -1.6076,
0.61, -1.6076, 0.7861, -1.4316,
0.61, -1.4316, 0.6101, -1.2556,
0.61, -1.4316, 0.7861, -1.4316,
0.61, -1.2556, 0.6101, -1.0796,
0.61, -1.2556, 0.7861, -1.4316,
0.61, -1.2556, 0.7861, -1.2556,
0.61, -1.2556, 0.7861, -1.0796,
0.61, -1.0796, 0.6101, -0.9037,
0.61, -1.0796, 0.7861, -1.0796,
0.61, -0.9037, 0.6101, -0.7277,
0.61, -0.9037, 0.7861, -1.0796,
0.61, -0.9037, 0.7861, -0.9037,
0.61, -0.7277, 0.6101, -0.5517,
0.61, -0.7277, 0.7861, -0.9037,
0.61, -0.7277, 0.7861, -0.7277,
0.61, -0.7277, 0.7861, -0.5517,
0.61, -0.5517, 0.6101, -0.3757,
0.61, -0.5517, 0.7861, -0.5517,
0.61, -0.5517, 0.7861, -0.3757,
0.61, -0.3757, 0.6101, -0.1997,
0.61, -0.3757, 0.7861, -0.3757,
0.61, -0.3757, 0.7861, -0.1997,
0.61, -0.1997, 0.6101, -0.0238,
0.61, -0.1997, 0.7861, -0.1997,
0.61, -0.0238, 0.6101, 0.1522,
0.61, -0.0238, 0.7861, -0.1997,
0.61, -0.0238, 0.7861, -0.0238,
0.61, -0.0238, 0.7861, 0.1522,
0.61, 0.1522, 0.6101, 0.3282,
0.61, 0.1522, 0.7861, 0.1522,
0.61, 0.1522, 0.7861, 0.3282,
0.61, 0.3282, 0.6101, 0.5042,
0.61, 0.3282, 0.7861, 0.3282,
0.61, 0.5042, 0.6101, 0.6802,
0.61, 0.5042, 0.7861, 0.3282,
0.61, 0.5042, 0.7861, 0.5042,
0.61, 0.6802, 0.6101, 0.8561,
0.61, 0.6802, 0.7861, 0.5042,
0.61, 0.6802, 0.7861, 0.6802,
0.61, 0.6802, 0.7861, 0.8561,
0.61, 0.8561, 0.6101, 1.0321,
0.61, 0.8561, 0.7861, 0.8561,
0.61, 1.0321, 0.6101, 1.2081,
0.61, 1.0321, 0.7861, 0.8561,
0.61, 1.0321, 0.7861, 1.0321,
0.61, 1.2081, 0.6101, 1.3841,
0.61, 1.2081, 0.7861, 1.0321,
0.61, 1.2081, 0.7861, 1.2081,
0.61, 1.2081, 0.7861, 1.3841,
0.61, 1.3841, 0.6101, 1.5601,
0.61, 1.3841, 0.7861, 1.3841,
0.61, 1.3841, 0.7861, 1.5601,
0.61, 1.5601, 0.6101, 1.7360,
0.61, 1.5601, 0.7861, 1.5601,
0.61, 1.5601, 0.7861, 1.7360,
0.61, 1.7360, 0.6101, 1.9120,
0.61, 1.7360, 0.7861, 1.7360,
0.61, 1.9120, 0.7861, 1.7360,
0.61, 1.9120, 0.7861, 1.9120,
0.79, -1.7836, 0.7861, -1.6076,
0.79, -1.7836, 0.9621, -1.7836,
0.79, -1.7836, 0.9621, -1.6076,
0.79, -1.6076, 0.7861, -1.4316,
0.79, -1.6076, 0.9621, -1.6076,
0.79, -1.6076, 0.9621, -1.4316,
0.79, -1.4316, 0.7861, -1.2556,
0.79, -1.4316, 0.9621, -1.4316,
0.79, -1.4316, 0.9621, -1.2556,
0.79, -1.2556, 0.7861, -1.0796,
0.79, -1.2556, 0.9621, -1.2556,
0.79, -1.0796, 0.7861, -0.9037,
0.79, -1.0796, 0.9621, -1.2556,
0.79, -1.0796, 0.9621, -1.0796,
0.79, -1.0796, 0.9621, -0.9037,
0.79, -0.9037, 0.7861, -0.7277,
0.79, -0.9037, 0.9621, -0.9037,
0.79, -0.9037, 0.9621, -0.7277,
0.79, -0.7277, 0.7861, -0.5517,
0.79, -0.7277, 0.9621, -0.7277,
0.79, -0.5517, 0.7861, -0.3757,
0.79, -0.5517, 0.9621, -0.7277,
0.79, -0.5517, 0.9621, -0.5517,
0.79, -0.3757, 0.7861, -0.1997,
0.79, -0.3757, 0.9621, -0.5517,
0.79, -0.3757, 0.9621, -0.3757,
0.79, -0.1997, 0.7861, -0.0238,
0.79, -0.1997, 0.9621, -0.3757,
0.79, -0.1997, 0.9621, -0.1997,
0.79, -0.1997, 0.9621, -0.0238,
0.79, -0.0238, 0.7861, 0.1522,
0.79, -0.0238, 0.9621, -0.0238,
0.79, 0.1522, 0.7861, 0.3282,
0.79, 0.1522, 0.9621, -0.0238,
0.79, 0.1522, 0.9621, 0.1522,
0.79, 0.3282, 0.7861, 0.5042,
0.79, 0.3282, 0.9621, 0.1522,
0.79, 0.3282, 0.9621, 0.3282,
0.79, 0.3282, 0.9621, 0.5042,
0.79, 0.5042, 0.7861, 0.6802,
0.79, 0.5042, 0.9621, 0.5042,
0.79, 0.5042, 0.9621, 0.6802,
0.79, 0.6802, 0.7861, 0.8561,
0.79, 0.6802, 0.9621, 0.6802,
0.79, 0.8561, 0.7861, 1.0321,
0.79, 0.8561, 0.9621, 0.6802,
0.79, 0.8561, 0.9621, 0.8561,
0.79, 0.8561, 0.9621, 1.0321,
0.79, 1.0321, 0.7861, 1.2081,
0.79, 1.0321, 0.9621, 1.0321,
0.79, 1.0321, 0.9621, 1.2081,
0.79, 1.2081, 0.7861, 1.3841,
0.79, 1.2081, 0.9621, 1.2081,
0.79, 1.2081, 0.9621, 1.3841,
0.79, 1.3841, 0.7861, 1.5601,
0.79, 1.3841, 0.9621, 1.3841,
0.79, 1.3841, 0.9621, 1.5601,
0.79, 1.5601, 0.7861, 1.7360,
0.79, 1.5601, 0.9621, 1.5601,
0.79, 1.7360, 0.7861, 1.9120,
0.79, 1.7360, 0.9621, 1.5601,
0.79, 1.7360, 0.9621, 1.7360,
0.79, 1.7360, 0.9621, 1.9120,
0.79, 1.9120, 0.9621, 1.9120,
0.96, -1.7836, 0.9621, -1.6076,
0.96, -1.7836, 1.1381, -1.7836,
0.96, -1.6076, 0.9621, -1.4316,
0.96, -1.6076, 1.1381, -1.7836,
0.96, -1.6076, 1.1381, -1.6076,
0.96, -1.4316, 0.9621, -1.2556,
0.96, -1.4316, 1.1381, -1.6076,
0.96, -1.4316, 1.1381, -1.4316,
0.96, -1.2556, 0.9621, -1.0796,
0.96, -1.2556, 1.1381, -1.4316,
0.96, -1.2556, 1.1381, -1.2556,
0.96, -1.2556, 1.1381, -1.0796,
0.96, -1.0796, 0.9621, -0.9037,
0.96, -1.0796, 1.1381, -1.0796,
0.96, -1.0796, 1.1381, -0.9037,
0.96, -0.9037, 0.9621, -0.7277,
0.96, -0.9037, 1.1381, -0.9037,
0.96, -0.9037, 1.1381, -0.7277,
0.96, -0.7277, 0.9621, -0.5517,
0.96, -0.7277, 1.1381, -0.7277,
0.96, -0.5517, 0.9621, -0.3757,
0.96, -0.5517, 1.1381, -0.7277,
0.96, -0.5517, 1.1381, -0.5517,
0.96, -0.3757, 0.9621, -0.1997,
0.96, -0.3757, 1.1381, -0.5517,
0.96, -0.3757, 1.1381, -0.3757,
0.96, -0.1997, 0.9621, -0.0238,
0.96, -0.1997, 1.1381, -0.3757,
0.96, -0.1997, 1.1381, -0.1997,
0.96, -0.1997, 1.1381, -0.0238,
0.96, -0.0238, 0.9621, 0.1522,
0.96, -0.0238, 1.1381, -0.0238,
0.96, -0.0238, 1.1381, 0.1522,
0.96, 0.1522, 0.9621, 0.3282,
0.96, 0.1522, 1.1381, 0.1522,
0.96, 0.1522, 1.1381, 0.3282,
0.96, 0.3282, 0.9621, 0.5042,
0.96, 0.3282, 1.1381, 0.3282,
0.96, 0.5042, 0.9621, 0.6802,
0.96, 0.5042, 1.1381, 0.3282,
0.96, 0.5042, 1.1381, 0.5042,
0.96, 0.6802, 0.9621, 0.8561,
0.96, 0.6802, 1.1381, 0.5042,
0.96, 0.6802, 1.1381, 0.6802,
0.96, 0.6802, 1.1381, 0.8561,
0.96, 0.8561, 0.9621, 1.0321,
0.96, 0.8561, 1.1381, 0.8561,
0.96, 0.8561, 1.1381, 1.0321,
0.96, 1.0321, 0.9621, 1.2081,
0.96, 1.0321, 1.1381, 1.0321,
0.96, 1.0321, 1.1381, 1.2081,
0.96, 1.2081, 0.9621, 1.3841,
0.96, 1.2081, 1.1381, 1.2081,
0.96, 1.2081, 1.1381, 1.3841,
0.96, 1.3841, 0.9621, 1.5601,
0.96, 1.3841, 1.1381, 1.3841,
0.96, 1.5601, 0.9621, 1.7360,
0.96, 1.5601, 1.1381, 1.3841,
0.96, 1.5601, 1.1381, 1.5601,
0.96, 1.5601, 1.1381, 1.7360,
0.96, 1.7360, 0.9621, 1.9120,
0.96, 1.7360, 1.1381, 1.7360,
0.96, 1.9120, 1.1381, 1.7360,
0.96, 1.9120, 1.1381, 1.9120,
1.14, -1.7836, 1.1381, -1.6076,
1.14, -1.7836, 1.3141, -1.7836,
1.14, -1.7836, 1.3141, -1.6076,
1.14, -1.6076, 1.1381, -1.4316,
1.14, -1.6076, 1.3141, -1.6076,
1.14, -1.4316, 1.1381, -1.2556,
1.14, -1.4316, 1.3141, -1.6076,
1.14, -1.4316, 1.3141, -1.4316,
1.14, -1.4316, 1.3141, -1.2556,
1.14, -1.2556, 1.1381, -1.0796,
1.14, -1.2556, 1.3141, -1.2556,
1.14, -1.2556, 1.3141, -1.0796,
1.14, -1.0796, 1.1381, -0.9037,
1.14, -1.0796, 1.3141, -1.0796,
1.14, -0.9037, 1.1381, -0.7277,
1.14, -0.9037, 1.3141, -1.0796,
1.14, -0.9037, 1.3141, -0.9037,
1.14, -0.7277, 1.1381, -0.5517,
1.14, -0.7277, 1.3141, -0.9037,
1.14, -0.7277, 1.3141, -0.7277,
1.14, -0.7277, 1.3141, -0.5517,
1.14, -0.5517, 1.1381, -0.3757,
1.14, -0.5517, 1.3141, -0.5517,
1.14, -0.3757, 1.1381, -0.1997,
1.14, -0.3757, 1.3141, -0.5517,
1.14, -0.3757, 1.3141, -0.3757,
1.14, -0.3757, 1.3141, -0.1997,
1.14, -0.1997, 1.1381, -0.0238,
1.14, -0.1997, 1.3141, -0.1997,
1.14, -0.0238, 1.1381, 0.1522,
1.14, -0.0238, 1.3141, -0.1997,
1.14, -0.0238, 1.3141, -0.0238,
1.14, -0.0238, 1.3141, 0.1522,
1.14, 0.1522, 1.1381, 0.3282,
1.14, 0.1522, 1.3141, 0.1522,
1.14, 0.1522, 1.3141, 0.3282,
1.14, 0.3282, 1.1381, 0.5042,
1.14, 0.3282, 1.3141, 0.3282,
1.14, 0.5042, 1.1381, 0.6802,
1.14, 0.5042, 1.3141, 0.3282,
1.14, 0.5042, 1.3141, 0.5042,
1.14, 0.5042, 1.3141, 0.6802,
1.14, 0.6802, 1.1381, 0.8561,
1.14, 0.6802, 1.3141, 0.6802,
1.14, 0.8561, 1.1381, 1.0321,
1.14, 0.8561, 1.3141, 0.6802,
1.14, 0.8561, 1.3141, 0.8561,
1.14, 1.0321, 1.1381, 1.2081,
1.14, 1.0321, 1.3141, 0.8561,
1.14, 1.0321, 1.3141, 1.0321,
1.14, 1.2081, 1.1381, 1.3841,
1.14, 1.2081, 1.3141, 1.0321,
1.14, 1.2081, 1.3141, 1.2081,
1.14, 1.2081, 1.3141, 1.3841,
1.14, 1.3841, 1.1381, 1.5601,
1.14, 1.3841, 1.3141, 1.3841,
1.14, 1.5601, 1.1381, 1.7360,
1.14, 1.5601, 1.3141, 1.3841,
1.14, 1.5601, 1.3141, 1.5601,
1.14, 1.7360, 1.1381, 1.9120,
1.14, 1.7360, 1.3141, 1.5601,
1.14, 1.7360, 1.3141, 1.7360,
1.14, 1.7360, 1.3141, 1.9120,
1.14, 1.9120, 1.3141, 1.9120,
1.31, -1.7836, 1.3141, -1.6076,
1.31, -1.7836, 1.4900, -1.7836,
1.31, -1.7836, 1.4900, -1.6076,
1.31, -1.6076, 1.3141, -1.4316,
1.31, -1.6076, 1.4900, -1.6076,
1.31, -1.6076, 1.4900, -1.4316,
1.31, -1.4316, 1.3141, -1.2556,
1.31, -1.4316, 1.4900, -1.4316,
1.31, -1.2556, 1.3141, -1.0796,
1.31, -1.2556, 1.4900, -1.4316,
1.31, -1.2556, 1.4900, -1.2556,
1.31, -1.0796, 1.3141, -0.9037,
1.31, -1.0796, 1.4900, -1.2556,
1.31, -1.0796, 1.4900, -1.0796,
1.31, -1.0796, 1.4900, -0.9037,
1.31, -0.9037, 1.3141, -0.7277,
1.31, -0.9037, 1.4900, -0.9037,
1.31, -0.9037, 1.4900, -0.7277,
1.31, -0.7277, 1.3141, -0.5517,
1.31, -0.7277, 1.4900, -0.7277,
1.31, -0.5517, 1.3141, -0.3757,
1.31, -0.5517, 1.4900, -0.7277,
1.31, -0.5517, 1.4900, -0.5517,
1.31, -0.5517, 1.4900, -0.3757,
1.31, -0.3757, 1.3141, -0.1997,
1.31, -0.3757, 1.4900, -0.3757,
1.31, -0.1997, 1.3141, -0.0238,
1.31, -0.1997, 1.4900, -0.3757,
1.31, -0.1997, 1.4900, -0.1997,
1.31, -0.1997, 1.4900, -0.0238,
1.31, -0.0238, 1.3141, 0.1522,
1.31, -0.0238, 1.4900, -0.0238,
1.31, -0.0238, 1.4900, 0.1522,
1.31, 0.1522, 1.3141, 0.3282,
1.31, 0.1522, 1.4900, 0.1522,
1.31, 0.3282, 1.3141, 0.5042,
1.31, 0.3282, 1.4900, 0.1522,
1.31, 0.3282, 1.4900, 0.3282,
1.31, 0.3282, 1.4900, 0.5042,
1.31, 0.5042, 1.3141, 0.6802,
1.31, 0.5042, 1.4900, 0.5042,
1.31, 0.6802, 1.3141, 0.8561,
1.31, 0.6802, 1.4900, 0.5042,
1.31, 0.6802, 1.4900, 0.6802,
1.31, 0.6802, 1.4900, 0.8561,
1.31, 0.8561, 1.3141, 1.0321,
1.31, 0.8561, 1.4900, 0.8561,
1.31, 1.0321, 1.3141, 1.2081,
1.31, 1.0321, 1.4900, 0.8561,
1.31, 1.0321, 1.4900, 1.0321,
1.31, 1.2081, 1.3141, 1.3841,
1.31, 1.2081, 1.4900, 1.0321,
1.31, 1.2081, 1.4900, 1.2081,
1.31, 1.3841, 1.3141, 1.5601,
1.31, 1.3841, 1.4900, 1.2081,
1.31, 1.3841, 1.4900, 1.3841,
1.31, 1.3841, 1.4900, 1.5601,
1.31, 1.5601, 1.3141, 1.7360,
1.31, 1.5601, 1.4900, 1.5601,
1.31, 1.7360, 1.3141, 1.9120,
1.31, 1.7360, 1.4900, 1.5601,
1.31, 1.7360, 1.4900, 1.7360,
1.31, 1.9120, 1.4900, 1.7360,
1.31, 1.9120, 1.4900, 1.9120,
1.49, -1.7836, 1.4900, -1.6076,
1.49, -1.7836, 1.6660, -1.7836,
1.49, -1.7836, 1.6660, -1.6076,
1.49, -1.6076, 1.4900, -1.4316,
1.49, -1.6076, 1.6660, -1.6076,
1.49, -1.6076, 1.6660, -1.4316,
1.49, -1.4316, 1.4900, -1.2556,
1.49, -1.4316, 1.6660, -1.4316,
1.49, -1.2556, 1.4900, -1.0796,
1.49, -1.2556, 1.6660, -1.4316,
1.49, -1.2556, 1.6660, -1.2556,
1.49, -1.0796, 1.4900, -0.9037,
1.49, -1.0796, 1.6660, -1.2556,
1.49, -1.0796, 1.6660, -1.0796,
1.49, -0.9037, 1.4900, -0.7277,
1.49, -0.9037, 1.6660, -1.0796,
1.49, -0.9037, 1.6660, -0.9037,
1.49, -0.7277, 1.4900, -0.5517,
1.49, -0.7277, 1.6660, -0.9037,
1.49, -0.7277, 1.6660, -0.7277,
1.49, -0.7277, 1.6660, -0.5517,
1.49, -0.5517, 1.4900, -0.3757,
1.49, -0.5517, 1.6660, -0.5517,
1.49, -0.5517, 1.6660, -0.3757,
1.49, -0.3757, 1.4900, -0.1997,
1.49, -0.3757, 1.6660, -0.3757,
1.49, -0.1997, 1.4900, -0.0238,
1.49, -0.1997, 1.6660, -0.3757,
1.49, -0.1997, 1.6660, -0.1997,
1.49, -0.1997, 1.6660, -0.0238,
1.49, -0.0238, 1.4900, 0.1522,
1.49, -0.0238, 1.6660, -0.0238,
1.49, 0.1522, 1.4900, 0.3282,
1.49, 0.1522, 1.6660, -0.0238,
1.49, 0.1522, 1.6660, 0.1522,
1.49, 0.1522, 1.6660, 0.3282,
1.49, 0.3282, 1.4900, 0.5042,
1.49, 0.3282, 1.6660, 0.3282,
1.49, 0.5042, 1.4900, 0.6802,
1.49, 0.5042, 1.6660, 0.3282,
1.49, 0.5042, 1.6660, 0.5042,
1.49, 0.6802, 1.4900, 0.8561,
1.49, 0.6802, 1.6660, 0.5042,
1.49, 0.6802, 1.6660, 0.6802,
1.49, 0.8561, 1.4900, 1.0321,
1.49, 0.8561, 1.6660, 0.6802,
1.49, 0.8561, 1.6660, 0.8561,
1.49, 0.8561, 1.6660, 1.0321,
1.49, 1.0321, 1.4900, 1.2081,
1.49, 1.0321, 1.6660, 1.0321,
1.49, 1.0321, 1.6660, 1.2081,
1.49, 1.2081, 1.4900, 1.3841,
1.49, 1.2081, 1.6660, 1.2081,
1.49, 1.3841, 1.4900, 1.5601,
1.49, 1.3841, 1.6660, 1.2081,
1.49, 1.3841, 1.6660, 1.3841,
1.49, 1.5601, 1.4900, 1.7360,
1.49, 1.5601, 1.6660, 1.3841,
1.49, 1.5601, 1.6660, 1.5601,
1.49, 1.5601, 1.6660, 1.7360,
1.49, 1.7360, 1.4900, 1.9120,
1.49, 1.7360, 1.6660, 1.7360,
1.49, 1.7360, 1.6660, 1.9120,
1.49, 1.9120, 1.6660, 1.9120,
1.67, -1.7836, 1.6660, -1.6076,
1.67, -1.7836, 1.8420, -1.7836,
1.67, -1.7836, 1.8420, -1.6076,
1.67, -1.6076, 1.6660, -1.4316,
1.67, -1.6076, 1.8420, -1.6076,
1.67, -1.4316, 1.6660, -1.2556,
1.67, -1.4316, 1.8420, -1.6076,
1.67, -1.4316, 1.8420, -1.4316,
1.67, -1.4316, 1.8420, -1.2556,
1.67, -1.2556, 1.6660, -1.0796,
1.67, -1.2556, 1.8420, -1.2556,
1.67, -1.2556, 1.8420, -1.0796,
1.67, -1.0796, 1.6660, -0.9037,
1.67, -1.0796, 1.8420, -1.0796,
1.67, -0.9037, 1.6660, -0.7277,
1.67, -0.9037, 1.8420, -1.0796,
1.67, -0.9037, 1.8420, -0.9037,
1.67, -0.7277, 1.6660, -0.5517,
1.67, -0.7277, 1.8420, -0.9037,
1.67, -0.7277, 1.8420, -0.7277,
1.67, -0.7277, 1.8420, -0.5517,
1.67, -0.5517, 1.6660, -0.3757,
1.67, -0.5517, 1.8420, -0.5517,
1.67, -0.3757, 1.6660, -0.1997,
1.67, -0.3757, 1.8420, -0.5517,
1.67, -0.3757, 1.8420, -0.3757,
1.67, -0.3757, 1.8420, -0.1997,
1.67, -0.1997, 1.6660, -0.0238,
1.67, -0.1997, 1.8420, -0.1997,
1.67, -0.0238, 1.6660, 0.1522,
1.67, -0.0238, 1.8420, -0.1997,
1.67, -0.0238, 1.8420, -0.0238,
1.67, 0.1522, 1.6660, 0.3282,
1.67, 0.1522, 1.8420, -0.0238,
1.67, 0.1522, 1.8420, 0.1522,
1.67, 0.1522, 1.8420, 0.3282,
1.67, 0.3282, 1.6660, 0.5042,
1.67, 0.3282, 1.8420, 0.3282,
1.67, 0.5042, 1.6660, 0.6802,
1.67, 0.5042, 1.8420, 0.3282,
1.67, 0.5042, 1.8420, 0.5042,
1.67, 0.6802, 1.6660, 0.8561,
1.67, 0.6802, 1.8420, 0.5042,
1.67, 0.6802, 1.8420, 0.6802,
1.67, 0.6802, 1.8420, 0.8561,
1.67, 0.8561, 1.6660, 1.0321,
1.67, 0.8561, 1.8420, 0.8561,
1.67, 0.8561, 1.8420, 1.0321,
1.67, 1.0321, 1.6660, 1.2081,
1.67, 1.0321, 1.8420, 1.0321,
1.67, 1.2081, 1.6660, 1.3841,
1.67, 1.2081, 1.8420, 1.0321,
1.67, 1.2081, 1.8420, 1.2081,
1.67, 1.2081, 1.8420, 1.3841,
1.67, 1.3841, 1.6660, 1.5601,
1.67, 1.3841, 1.8420, 1.3841,
1.67, 1.5601, 1.6660, 1.7360,
1.67, 1.5601, 1.8420, 1.3841,
1.67, 1.5601, 1.8420, 1.5601,
1.67, 1.5601, 1.8420, 1.7360,
1.67, 1.7360, 1.6660, 1.9120,
1.67, 1.7360, 1.8420, 1.7360,
1.67, 1.9120, 1.8420, 1.7360,
1.67, 1.9120, 1.8420, 1.9120,
1.84, -1.7836, 1.8420, -1.6076,
1.84, -1.6076, 1.8420, -1.4316,
1.84, -1.4316, 1.8420, -1.2556,
1.84, -1.2556, 1.8420, -1.0796,
1.84, -1.0796, 1.8420, -0.9037,
1.84, -0.9037, 1.8420, -0.7277,
1.84, -0.7277, 1.8420, -0.5517,
1.84, -0.5517, 1.8420, -0.3757,
1.84, -0.3757, 1.8420, -0.1997,
1.84, -0.1997, 1.8420, -0.0238,
1.84, -0.0238, 1.8420, 0.1522,
1.84, 0.1522, 1.8420, 0.3282,
1.84, 0.3282, 1.8420, 0.5042,
1.84, 0.5042, 1.8420, 0.6802,
1.84, 0.6802, 1.8420, 0.8561,
1.84, 0.8561, 1.8420, 1.0321,
1.84, 1.0321, 1.8420, 1.2081,
1.84, 1.2081, 1.8420, 1.3841,
1.84, 1.3841, 1.8420, 1.5601,
1.84, 1.5601, 1.8420, 1.7360,
1.84, 1.7360, 1.8420, 1.9120,
